0
1.402151337473276 1.47824723739871 1.1222070579394259 1.619128164031235 1.0376558376199414 1.2767893351981556 1.0443328691791052 1.4016841077993727
0.6891791992494619 0.9421208568411151 0.46383719007333163 1.1196179657818048 1.0887239737792314 1.0314477625431606 0.9793825155704212 0.8616023518017838
0.932922140311943 0.5262154192205932 0.838515803528478 0.6246776760550193 0.5442666107306994 1.3936167554134151 0.9509544578431208 1.238687325773007
0.7323974519366837 0.5993402720273783 0.9698221212513436 1.0964845115758532 0.7990466091187184 1.5600575231078166 1.066377000390411 0.9643834351338975
0.9029686362282466 1.0408067572296134 1.297629207560346 0.5791328949126184 1.3039006210654058 1.04769849544885 0.6843371677738495 1.5145751577770206
0.7310045696801495 0.8387272227392945 0.5954932561861269 0.8727986834655485 0.8713564050770498 0.8171978128364861 1.4122076879761272 0.6462128771114105
1.0544630277819265 1.1385564053378097 0.8220579916320886 0.8821488796871341 0.5182207846156528 0.9490747564090418 0.869323733080563 0.7112460459325974
1.126826787724256 1.0713575245032627 1.5794825259941916 1.0355341394606545 1.1663859427796235 1.3640113969654786 1.2665178761569371 0.8928718531727413

0.8499933215546082 0.25713720952636443 1.4026153865003923 1.0791732773508678 1.774018307160664 0.9447594430457052 0.6687366741836083 0.9819095089773175
1.0692454331197514 1.250832645310474 0.992220616063266 1.2803956141550359 0.3596409324573351 1.079350251240682 0.331465237288791 1.0286982337634643
0.9461388301999307 0.5715113360152027 0.6779955660646138 1.158782131007204 0.7817402447101437 0.9751305485452818 1.0207881565946524 0.8878886412812323
0.9742030489524507 1.196467873954596 0.5578655717422363 0.9326611711186727 1.3011230262784497 1.2557736496736487 0.6593035098677444 0.9581635559691599
0.6926547107498416 1.3475080430135167 1.508661066074998 1.1154288404263815 0.6532326751150577 1.2474230267477722 1.2632509469790578 0.9611569275257006
1.058629847417915 0.7669134133002227 0.7298582503437671 1.4124553769334003 0.3443758747382565 0.78351914307933 1.4955323271851426 0.6020498287285994
1.0729349148689618 1.1465294354456477 1.1088353366962844 0.8415847823540872 1.0241845829117255 0.8446670341164243 0.8876670578423335 1.0400108940453372
1.570787415884708 1.3240095631115063 0.9640307905484973 1.1575936074729194 1.4971081329482077 1.0426038568326168 1.131085227498172 1.1579881153900689

1
1.3772017450748 1.3802923216588305 0.8724993682426849 1.4868365781134332 1.1581416199506245 1.0998867762443534 1.0522709057799633 1.4067899527672494
0.6934416092830753 0.9471411564972922 0.4667134359542973 1.1251864967867156 1.2970297677859246 1.1157795415747338 0.9854392874862103 0.9060996137004225
0.9380332352361401 0.5436584067209885 0.8434113614679497 0.8130017976148906 0.4597361141737541 1.4023303935233453 0.9572615364444435 1.244697857100656
0.7658845322320476 0.6028958570526435 0.6619325789880324 1.1447976273276157 0.8044861461301094 1.4712991899198427 1.0732549578318376 1.0504150768680012
0.935206603054439 1.0477720271413185 1.3040865636404424 0.5864243700677285 1.3120380803620122 1.053487689836543 0.6889469129717305 1.504716871628377
0.8398961254516875 0.8429642293078616 0.6069483362913308 0.8727022652711661 0.8752195804017878 0.8223123848929297 1.4162210259049144 0.6501775596431353
1.061583307695738 1.1457319319776078 0.8260030784680178 0.8877353672361719 0.5208094301277689 0.8312382992013034 0.8751149081575117 0.7172570471996894
1.1205740511507314 1.0834722650418924 1.486490151187501 1.0420200136067324 1.1737514589173776 1.4594692178125221 1.2768381669453828 0.9849438338737531

0.9756404496280233 0.25951934935380805 1.4161599844474029 1.032440643945447 1.504917310130841 1.061910608030545 0.6820167154574295 0.9070934307548518
0.9716745718754137 1.3200714206604656 1.001676458004543 1.2918690070419199 0.36495360142446504 1.1717475717764505 0.33833899098760084 1.0410399188219646
0.9557841133845616 0.5767808365794141 0.6855257650989172 1.1697220215764814 0.7877490269119781 0.9848197867803844 1.0311143969418803 0.8989927199785427
0.989951023135669 1.3414812516078356 0.563305262918399 0.9965623799242054 1.1307968045746895 1.4505025573545964 0.6654993468304184 0.9673478443008492
0.7407916246685845 1.2453179870326656 1.606315564034834 1.125992944249409 0.6713588934954314 1.2590088246582563 1.1023497628427255 0.9704841511929367
1.498287919730012 0.7740583077253564 0.735887695414016 1.5128118764299356 0.3457497734439216 0.6150842605334009 1.5090524861196755 0.6077455425936898
1.0391296247499548 1.1612468607103683 1.1135902144371934 0.9017318503268898 1.0271501503385696 0.8570174632218153 0.8959258782582481 1.0498030823232827
1.3365620951918578 1.343419941012682 0.9764159117645266 1.1684319356499933 1.2925940954700614 1.0342809827870898 1.1434139529645668 0.8019831763880645

2
1.3050533832568865 1.4705104015097812 0.7998795763945795 1.631903088037195 0.7516122081313596 1.0877820062881938 1.0405708560903413 1.757559799485608
0.706954712759337 0.9394751933035795 0.7193981840471548 1.3790505126684718 1.0327393783988466 1.0329124004679235 0.974630644992209 0.8160226538365196
0.9254084168536764 0.47029628200102075 0.8340521965586799 0.9947092914851967 0.45460474950699364 1.5783842463532067 0.946088514035882 1.232021556512265
0.7746101162649094 0.733880139531077 0.943647729705971 1.0852230936955911 0.7956463012459943 1.4551332276490656 1.0872294421124435 0.9610909973285906
0.9433593137566496 1.0360217524940105 1.2834348812527026 0.5799879589709013 1.297792504163484 1.0418687771277337 0.6809580692907701 1.5100228432947427
0.7495458317996527 0.8330025459095936 0.5925763632382658 1.051204390577844 0.8667846916129723 0.9395349062194508 1.2983322368398746 0.654242197024857
1.0365299400106243 1.1304599052132864 0.8171076902863998 1.0508535436329158 0.6071960626452279 0.9291466045792993 0.7537305238926598 0.714999005228945
1.1212583826197269 0.8886684172436882 1.2672807335274623 1.0236348606306271 1.1639256343655828 1.3143263657900819 1.2643747040224904 0.8397570622289257

0.8518285633273727 0.2605338612380468 1.3971111718966647 1.109099820447973 1.4878721106630306 0.9479198256402481 0.666498632018974 1.190840324796297
1.0894727610032053 1.227750451440579 1.0016116316937864 1.2837871585431129 0.3603020275507295 1.0821846583307915 0.3355523359298208 1.0300273878511101
0.947811779288851 0.542029894590265 0.7902105299110832 1.4067384757850019 0.7831906466493154 0.9770297286274825 1.0484673297688016 0.851245610830403
0.9825078493413943 1.4195189199274159 0.4918839676273879 0.9584768269273264 0.959043556675901 1.2566908545876498 0.6604558835966554 0.9600801304634233
0.6941928628660862 1.2684763049645225 1.7022204407140313 1.1902119858410634 0.654494829639357 1.250080611895159 1.290820202275891 0.9658671592683654
1.0607883369192315 0.9079812198803067 0.7260301060017472 1.386761217501346 0.3664643047168745 0.6104118013700837 1.4354027885954856 0.6000319136712589
1.076556427168243 1.16403434323202 1.105170735035385 0.9072175422042764 1.0261280503787151 0.8513213159075033 0.8894903403358108 1.058709933095036
1.175558315532406 1.3266016810413506 0.968936933866557 1.2278019971864917 1.6352358512283414 1.2487478768937768 1.1348057633970916 0.7356721004060954

3
1.3781992653181971 1.4727563321806254 0.8487006650265083 1.5044533941472555 0.7679744251660543 1.1129056926320715 1.1304773369708425 1.5384424021272463
0.700032443581012 0.9552770645418529 0.47113006516195793 1.3014737365481017 1.0718016687373437 1.0547364794714706 0.9948693488983976 0.8346533381301732
0.9432559253570733 0.4257348381386223 0.850776758665588 0.6773241280094969 0.46413106421130834 1.4155995794059617 0.9657417071398623 1.252475862192412
0.7446411054788874 0.7132684245991049 0.6682326991081919 1.1502781334012435 0.8131865199017454 1.4872066084526854 1.085839831789409 1.1992372787709114
0.9172025811195771 1.0586087945967013 1.3068332981463202 0.6019620808592696 1.3248950943210378 1.0620914532769647 0.6958636525556553 1.5022957786981674
0.9271189776481182 0.8483354813295239 0.6048324973323332 0.8752031920897099 0.8814411604890987 0.8301482669761623 1.3244724150461125 0.6562966303686162
1.0868416849587756 1.154267393883263 0.8317610433652967 0.912773752332085 0.8884460763682115 0.8329271351155445 0.9834622099312791 0.7568877382255605
1.1176286527539128 0.9052126023219529 1.2905505079184856 1.0449896612031355 1.1883978705108917 1.2983274116107382 1.2921810691773103 1.0029297122085727

0.8334951827533054 0.2927563299893639 1.385635334591869 1.0122543731567475 1.5377590296830437 1.155221781721248 0.6606833593753829 1.1042764365764925
1.1076465036498546 1.1548324579981406 0.9898886531651971 1.2673458844700627 0.3597456931335489 1.069216720253079 0.33880291468907425 1.5236668024232047
0.9379610726228551 0.61395145034855 0.8523863799441141 1.1651469775701204 1.2290654777551664 0.9652585971859806 1.0373309007252316 0.8465413589644869
1.023318407208571 1.2916911106884474 0.5726811419209529 1.0154713955201933 0.9475121121074288 1.2390081118484457 0.6525625882894396 0.9489527756142379
0.7262454542994289 1.0758204149066188 1.4940320696042082 1.104247009672607 0.669932848565 1.2860969444632562 1.0813909362508385 0.9549793842982734
1.0861715751985805 0.7576711921223137 0.7157877966866354 1.3417354316812542 0.3355671611119867 0.6028646726307764 1.415758748217977 0.8626785569726181
1.019436004456896 1.1508309940663175 1.3221375928314147 0.8500587053424434 1.0008766532200062 0.8474576141626499 0.9723354032305221 1.046082022603913
1.2299055818214557 1.3533820812834867 0.9637919850306724 1.3732461689094457 1.227800298838635 1.15294889606701 1.1218767194805155 0.7247857660283895

4
1.337524489415095 1.3882926666922404 0.8824926875000062 1.3973715521381231 0.7550741398171567 1.107254970172345 1.0579240713748992 1.4164511631515522
0.6980241840277199 0.9526801889517378 0.46985760331300325 1.3463142182287489 1.0513237116993888 1.1229151251925376 0.9918255853375626 0.9145900436730932
0.9850092225060483 0.6006339833391416 0.8493857064023463 0.7918169045617955 0.5513797149469056 1.4118340360334767 0.8864259830732896 1.0871452027140964
0.6947830174517712 0.5718563285584317 0.6710881991225124 1.1164226267875594 0.8092319666545029 1.5589906580519528 0.9649342575561064 0.9751655046728813
0.9660672596950617 1.0550572181679239 1.3182818838167496 0.6077352102033778 1.3201741191186043 1.290630568099994 0.6939076121989706 1.5086460880361872
0.7368294959645768 0.8523921857267045 0.6108775946579074 0.8786416449276273 0.9166143983200583 0.8293557269771366 1.433047401536092 0.6430837603900013
1.020538125243278 1.1430042572766133 0.8312412967956835 0.8937262896296839 0.5241297153841654 0.8516344889529268 1.039385921297452 0.7196820936703509
1.1281338848915976 1.089808615216995 1.7058932593510612 1.055883377760443 1.2120256793791855 1.391133570264398 1.2539715475707611 1.0624459963603925

1.1420336242453353 0.2572127925238997 1.4075630205540903 1.4149299961303625 1.4825271203063095 0.9442768625089342 0.6828549818617281 0.8802131640286834
0.9637542992174652 1.4096395334493794 0.9896769063566524 1.2763252000830483 0.3587794272345133 1.0662189875658312 0.32765163730554586 1.0263378536195376
0.9454879156741248 0.6017463767416823 0.5573881540050231 1.161754599303425 0.7777249610595058 0.8918044519476118 1.0168844227891332 0.9233634336750343
0.9654556029842567 1.4374403037398888 0.6285465644073768 0.9305099446456211 1.1160759662703312 1.4339516447645386 0.6578689457252916 0.9558662991188029
0.6912414270296097 1.2321862045204421 1.4761430696564213 1.113032065780222 0.6518502319795514 1.2856344852847703 1.1261239496214386 0.9675983552190228
1.0313184610226727 0.766427476998319 1.0221188856778038 1.8211270359948066 0.3433800645503593 0.7530252806416111 1.4470923523489023 0.6002551007155572
0.7946175346801198 0.989887198111654 1.108377087075687 0.8390661863484317 1.0152896024041027 0.837700632620312 0.8850424734555812 1.037418629754416
1.5845372612753788 1.3006888527015006 0.9603088975970372 1.3513150069859974 1.5259442327838255 1.0220273285156647 0.9341821689988994 0.8531774658069514

5
1.2856492082642534 1.5014637941551938 0.8221120867952566 1.5683773501803386 0.7653463445924457 1.1119784888475703 1.0623271715663518 1.4260433091117515
0.7009838387890299 0.9595565222945883 0.7539386314125205 1.1427682285999927 1.009358137940823 1.0558955061450492 0.9960956587257801 0.8369765112759489
0.9487967330520194 0.5342118468392653 0.8529281469624613 0.6098046648154535 0.5529349511683493 1.4175696679408534 0.8901899092833777 1.0941788807619355
0.7448642289573699 0.7145908090817958 0.6737985831882821 1.0736889891582968 0.8127035312630048 1.5650318639702787 0.9730509189488836 0.9008845701472874
0.9431862817989869 1.1596109452732806 1.317452067229557 0.6102034725886357 1.3260086717888124 1.0656296927946338 0.6964512607118255 1.5373778453801756
0.6583465774982824 0.8553012136789637 0.6056589560808794 1.0737609068635996 0.9214523037924364 0.9613454726484336 1.3350223784206432 0.6573356316051968
1.0116831307651604 1.1452563887506735 0.8349883128394808 0.9138471973032907 0.6200843844986038 1.2105562465044863 1.2011622079804904 0.7285052234389239
1.1461887574412188 0.9084111054224234 1.5050875648053337 1.0532941826345974 1.1920964067885456 1.266385332747612 1.2611941065998933 0.9190166890891295

0.8357523028343761 0.2646545203151652 1.4236039990019163 1.1792094046513204 1.5025631695350292 0.8546133715414979 0.6843042101843722 1.1866568662322394
1.1058462705639018 1.351459675752854 1.0143618599229502 1.3001469296957848 0.5231503266331786 1.0039605409346295 0.3331124382648601 1.040990787044544
0.9611349336665153 0.5816947789582438 0.6772760016828441 1.3453994178053799 0.7926124733836352 1.3550787059866092 1.0597174904665632 0.8983048859090371
0.9822544693875497 1.214215397720248 0.572068911226147 0.9161018702328222 0.9719157612543401 1.2756225400885857 0.6692648387046768 0.9724881132228783
0.6622010259528932 1.0706386259205924 1.6101307338465471 1.1322957549327304 0.6513571584903582 1.4082218833857425 1.3427887673016767 1.1949749405942245
1.074504440487036 0.7784533524081683 0.7408413522477352 1.3189923494984155 0.349482342461604 0.765886628432886 1.4098801251703812 0.6075398093611617
0.8540462408296217 1.1262846820235968 1.1275877895393973 0.8660058386226075 1.0396520366523334 0.8530231494577314 0.900729171007167 1.072284636364661
1.1577801267943317 1.3166024473744562 0.9768702112550184 1.2021665917850717 1.5185879475989355 1.2624618516073423 0.9506541013701342 0.8075366244207449

6
1.2384730122299739 1.4480948571941175 0.8079136938241718 1.383664465098638 0.7530112809208171 1.0954603570550396 1.1542979291262119 1.5140192875668304
0.6890052551259057 1.1313830590098692 0.4637673035178018 1.2424313039713966 1.0094330008755994 1.038219504337698 0.9790743600459992 0.8243213010395212
0.9312382753093884 0.47178709929893126 0.8377697436895428 0.6413511149000012 0.5434471717260195 1.5793781264467441 0.9201876760742639 1.0706877545574849
0.687085129889551 0.6673084346486682 0.6623809250715964 1.0970453982274553 0.7998141750396262 1.5399985400280727 0.9558875299584998 1.099349983903928
0.8822838847507014 1.0422821016741337 1.2917448419893702 0.6070467702351069 1.30350047088949 1.0460355497378175 0.6852991560136502 1.4728277610262237
0.8059570596732898 0.8387554974821302 1.0309765072437223 0.86161168223624 0.9023819997524897 0.8186445578224564 1.3113945070897157 0.6348224836932057
1.0226637070017697 1.126026504856966 0.8184530000908448 0.8984404314920402 0.5163598423232926 1.2101615368561587 1.1224588676502274 0.7425504250964151
1.1002371311178778 0.8910173355318414 1.476090739777213 1.035382004369625 1.172018852381921 1.2024429166106585 1.418261492265258 1.434583331558781

0.8129393073378858 0.29523551297565614 1.4039492155171922 1.0754901896297535 1.4844889695273658 1.0571694638307374 0.6745138694911951 1.0937938577515942
0.9771452863491787 1.2701397942709138 0.9968783438493035 1.276327274958678 0.36049084843037815 0.9860968488786404 0.33450321790904264 1.4672552802588912
0.9458103321592395 0.649734619118037 1.1173265372353673 1.4120046066529206 0.8847795687795088 0.8908224352982003 1.0425770549774207 0.8881627880422759
1.0174034367690696 1.3017357777165817 0.5629377869140487 0.9681169498366471 0.9548601669678632 1.2506809905321161 0.6575679006538948 0.9558359820708933
0.6907002991966859 1.0868765239949278 1.3944951107350316 1.1126645458947084 0.6631103399069104 1.3364957557470398 1.4317755871102218 0.9705196648184922
1.093642837644353 0.7647441008309843 0.7263496210192911 1.2673304311807594 0.3397774027457581 0.7526997942875875 1.3826230189977862 0.5969900529662295
0.7943074813099753 1.2002591617253138 1.3372211240511291 0.8045638734326042 1.3272269608113563 0.8443723026497589 1.0874976555723561 1.0535672745011107
1.205584871456668 1.33598332859648 0.9661930339974109 1.1361506621372288 1.4862079022981152 1.0177070264918164 0.934061839975917 0.7915261992254902

7
1.2890993380799505 1.34917508760641 0.8998584754608787 1.3794126109600848 0.7429151274646552 1.3335704448909809 1.029555240115439 1.376667341712154
0.6784116057775208 1.2728770603289767 0.4566299780383199 1.088212597421177 1.021673923050475 1.0975737495628466 0.9640198404284236 0.8478526580924888
0.9176049155104256 0.5307739974126506 0.8251815438053632 0.7690558783409542 0.44982944301479877 1.3720148432262511 0.8615805470091901 1.0565746621423913
0.720738252482607 0.6919209405297525 0.6521890002344369 1.0792259140531277 0.7870166068836129 1.4382438041195968 0.942533523457325 0.9492035622257826
0.9387949848965026 1.0257374261415133 1.2734961132975364 0.5942525811079239 1.283380077502484 1.030645356644212 1.1070757304249668 1.4692014235895718
0.7380361807544912 0.82684786469805 0.8945657974414524 1.034716256433185 0.890463207823614 0.9310520371576537 1.286981882522233 1.0258161973460258
0.9994718769553993 1.1084486825115372 0.8069902289923468 0.8846243276905355 0.5999505386940094 0.8129634278089227 0.8995322220549303 0.9345618009942591
1.0964499394608933 1.4499945632999822 1.356429295906332 1.019456320056975 1.445653397114507 1.309493682989385 1.2228709025055742 0.8308531617439466

1.0143854266626897 0.26422880107861735 1.421693563141185 1.1211655978212618 1.5055269603511052 0.9606350367700975 0.6902544952509136 1.1023371207015262
0.9966323274794474 1.4074866859092523 1.1990283474878685 1.2975160650810933 0.36444399353243856 1.0838327349756585 0.3363110220002911 1.0419761038366377
0.96036081085987 0.5806782661215611 0.6772601818665394 1.3447459081284845 0.7900016817411039 0.9053928024540713 1.058960144219693 0.8996057450970559
0.9872229244009795 1.2122757819972474 0.5714022784468639 0.9695167512432529 1.4019337000608325 1.4565291160971838 0.6681966477710662 0.9711145652416925
0.7024241257198263 1.2535746235831107 1.6917126402690057 1.1305704660380196 0.6622051985286287 1.3066053920045935 1.1683820476047129 0.9859094606992934
1.047632372935954 0.777148271623154 0.7388290759767446 1.4029934806181157 0.3986133243181951 0.6073172732300707 1.4061715692613925 0.606577271946859
0.8067861096399717 1.0199107009640989 1.1201394670720235 0.9169639024481596 1.0313330996839785 0.8560368632548756 0.8992054863239894 1.070733207717846
1.3334235162928672 1.3212352706211647 0.9786220559797708 1.200438841541553 1.2975624646690502 1.244067765156759 0.9491499631824608 0.8050731032662145

8
1.3083044595140272 1.3681367435761604 0.9310199170427713 1.2661655552369822 0.7696538247644382 1.1176046477605703 1.0685927028849704 1.5398504153170745
0.7021366432769638 0.9566147743062919 0.47261377527722054 1.0837423127244357 1.075074657580134 1.136221582601261 0.9977332466783284 0.8791339412825794
0.9483184494880262 0.494743720541355 0.8534424333922276 1.197307084359957 0.46564696336635025 1.4201865187633627 0.9028796501301567 1.0886198434792076
0.699814606768296 0.6802070943135373 0.6750955502780767 1.1596107834190943 0.8155612226865389 1.4904057060842364 0.9738509203513909 1.2012634441455585
0.9257304430609994 1.0626845624690229 1.3147636424510158 0.6224736277703778 1.328416210082846 1.065271969984622 0.6987438360778823 1.4814138554714198
0.9263602538890805 0.8537889610426919 0.6882714582027037 0.8724686015117635 0.9182020696046279 0.8343153137691642 1.3784137435937902 0.6468343583073065
1.0426006671897423 1.1475613256649033 0.8328924009276074 1.0272293219054438 0.5255741965003407 0.7256808965203375 1.1455033902179754 0.7584727760856047
1.1078169769413577 1.0933931481060821 1.4006580378665643 1.0551969166815969 1.1945368066321538 1.3118495535967507 1.2672336330712572 1.0060938534113761

0.9090055687136639 0.2892371125288104 1.3744278764522035 0.9976162421831765 1.7393573340451698 1.2027758919591274 0.6669638979972563 0.9902473002874833
0.8515955581565362 1.2988059787567166 0.9758253098575183 1.5623927773554567 0.354692318378589 1.0437989906299785 0.33104028495148163 1.2382417522088542
1.170080920117796 0.63646177402807 0.7223487413711852 1.4644840914451998 0.8655169164599412 0.8716626662937633 1.0212763104318665 0.8719269144070132
1.0024791507681752 1.2749102412807112 0.551188335072469 1.001078878688969 1.0933271962171318 1.8532571692266908 0.6435567521835793 0.9356449278917741
0.7162019691342987 1.2424045360826215 1.7395606504647396 1.0890368960897414 0.6606604889866886 1.4320617023536266 0.934099166599415 1.2755341523649408
1.0463529670410534 0.7483879214579171 0.710058195818609 1.3232776111829436 0.3307071856376071 0.5665673412474874 1.3517318537427452 0.7335007549637871
0.732663492922693 0.9825217077664993 1.3051960695827918 0.8376000637404813 0.9805095302452843 0.8306604077421627 0.9579695736410878 1.0312731435398674
1.3519499469508307 1.3143788854072078 0.9488584297507575 1.1117488204795778 1.2432909539517158 0.9783282626169082 0.9141722007789798 0.7735099373685679

9
1.2588795532659867 1.4843286245438034 0.8720413825275196 1.440605702873698 0.7813646093427729 1.1244291432034692 1.0750012755913312 1.551918698693767
0.7064255834183383 0.9653171889982791 0.4754662187232637 1.036981811344651 1.0349373871439427 1.0711129191280007 1.0038921707095017 0.8031015349604008
0.9518001691779074 0.4294804408384764 0.8586041398200442 0.657515471603445 0.46842929777878334 1.509188579787557 0.8972802750117914 1.0977409985246476
0.7513575524751455 0.8242371930932655 0.6790834133951531 1.118787890955916 0.8205708234826904 1.9635658535462461 0.9838106422008926 1.1281615216019625
0.963618854591405 1.0689661452382706 1.3164479185594924 0.6260764125224374 1.3367646125016424 1.071793736575423 0.7026062342602707 1.5131580196650056
0.8486638549859699 0.8583264528824559 0.6103221851143007 1.0698545473303558 1.097110320891636 0.9682672842741885 1.2357789285638678 0.6623453229796866
1.0356174814584735 1.1519867980580851 0.8382296034609464 0.937612635197002 0.6228097290715173 0.8403177617522627 1.0363844242909657 0.7686139782612887
1.1281141443782725 0.9135222078135191 1.2031164902254725 1.0546113597814244 1.2049707325660897 1.1895374444822062 1.2768380351972362 1.0221982753061793

0.8089971659133861 0.2969735156740397 1.3891478472471146 1.0979045567833825 1.4768766428671054 1.054264585253278 0.6678515208857722 1.2943161803877674
0.9898137370066711 1.2389948522840044 0.9995661728464398 1.2711334873383564 0.3587482091758123 0.9814792230529698 0.3363449029641632 1.132227272303854
0.9411541031745826 0.616928096880067 0.843105119041569 1.3352564556922897 0.8812471272543074 0.8859957257557993 1.0632173613503648 0.8459705367728995
1.2755893225297603 1.2943856282975257 0.4939185001805018 0.9875332822282068 0.9500670150977966 1.2431998379857772 1.006757175281323 0.9513359012468028
0.6875976584268548 1.082427365083812 1.5757475729354056 1.4203770231554962 0.6600258027347944 1.3310183717232682 1.240373333500883 0.9687928241777662
1.0888014130046384 0.7596548292624562 0.839439264932172 1.2321283883231036 0.33638961951165797 0.5760538376679264 1.3128589856706425 0.5909644965455989
0.790068029444107 1.0105713307133621 1.3267438285360598 0.8638261422906903 1.0035960634095595 0.8453236747392466 1.3343436777190416 1.0651709052201053
1.2251218882892863 1.3297457155183996 0.9646237053031915 1.1978712957806887 1.230975097535016 1.2147386416077568 0.9297278324379193 0.9546003240453979

