0
0.051402006771081934 1.3903081530758585 1.817762899510497 0.3727881046333604 0.20489999362959446 1.742610190175993 0.5333862447420872 0.47440291580467875
0.6206972945149567 0.7117209430070651 1.2122921210383584 0.8169029338059814 1.6737178617527193 0.8019106056155556 1.1639583771177338 1.1194646812743367
1.2822568900076727 1.597201676191918 0.16986983633261094 0.29637908692223963 1.4336372563493633 0.9476137120564715 1.098888765326101 0.18885508370745746
0.04924229485852823 1.9359383968429955 0.5106362759807428 1.5198917406563208 1.6822997910501905 1.8615541612834345 1.716795048049008 1.4828813337693998
1.8102411237891556 1.8378077055261695 1.0670254834032804 0.9532888027424524 1.491757467926032 0.887507242919105 0.26576735653620337 1.928461605928855
1.5237618004324276 0.90621331223645 0.9333699134716854 0.5299662416412747 0.34036708869796567 0.3016916307481192 0.751388925936222 1.690825033314416
1.4736165341611551 0.7124396453903198 1.1496378489920676 0.40037819898849314 0.5187023494670682 0.7700356136331384 0.646856777513418 1.3967105867471954
0.3444308054077542 1.593659385801639 1.7616150131174795 0.005265780226356838 0.4720067349732238 0.39405625986298737 0.6668719342130789 1.9921091204004842

0.4382196640369089 1.2834879753567483 1.5513173631977633 1.1105753907454605 1.516404411625492 1.115771478758153 1.147463473851428 1.1216315808477562
0.12140726051371932 0.39175788043602233 1.355933205152454 1.6748399824182814 0.05226589440407172 1.4903333393524971 0.0575309965116321 1.2295754686891895
1.8125415469819435 0.7948241459488272 0.9519341842550956 0.12671233257529155 1.5065594462889516 1.2741859969626188 0.8362724760000845 0.7561261647429722
1.7271171377341343 0.35853588413858495 1.6188389341542782 1.6068577106238164 0.3767618408479212 0.8169096306595166 1.6394972826718908 1.710012868504428
1.7675968519964507 0.9073420270232 0.20760030366067672 0.7308005149584141 0.7360785665961386 0.3024364374481207 1.0886639998464624 1.4338352744157241
0.8060159266242766 1.4737312374430298 1.126822361503674 1.0017926843820968 0.3415742096272013 1.1879372462945097 1.0972357016528433 1.0609997711862926
1.030460264817052 0.8628776013982703 1.0869805155571597 0.736449058152057 1.4719915138776525 1.5252717731766896 0.0796768233536146 0.5219646814032881
0.13590354564917828 1.4809864027677504 0.12564567343275457 1.1259248072176173 1.3425245416363503 0.9487888082874051 1.236737747927302 1.4451501776987854

1
0.5610073907025762 1.4832420255052747 0.29367078183139517 1.833748730794079 0.8060015803948744 0.7459193154015945 1.2193599847282415 1.7340298878776246
1.8706369967941547 0.08157334233857945 0.9576814591429547 1.7674228089179167 1.131387155454087 0.8769815948402025 0.5723032392559648 1.5322005905768445
1.074933007362639 0.5564311453844298 0.1788503115805534 0.2531102565158858 1.9297231819748393 0.9075833038007465 1.874285815987562 1.5636104641581061
1.6650506229627202 1.112582457633163 1.9292794108119826 1.5187381947461214 0.9433512740631406 1.6278290126902089 0.9974178865089243 1.7150617929106176
0.22680746314193698 0.5114186311664737 1.031819692910372 0.2882082046843663 1.491772650898331 0.21291578806277958 0.4270076202513894 1.9067544251127206
0.17203873157816785 0.3669251539848429 0.3678301617787718 0.8465158358420538 0.7440778945044041 0.3656922765897785 1.3159371449235164 1.1425551461407166
1.251340081619937 0.9321056743544153 0.3654401909323161 0.21950053780579742 1.3840262975786508 1.3331487582994417 0.3840456630876734 1.6765497985236677
1.711231483827993 1.2268883190620592 0.6772518588304852 1.0236586866701165 1.9006239651735335 0.28406695426665807 0.6250881369541168 0.2717517477944877

1.6697442883878573 1.1708346170774233 1.766207567392796 1.0894078961105496 1.120725111909752 0.13276392042336235 0.4248278138274613 1.607013077877177
0.9813892037016998 0.2027304784284612 0.7889013595192098 1.2072312347562275 0.6628721762299671 1.7190656403463358 0.33447299012616394 0.026404325095619057
1.8701538693709752 0.21407426494877357 0.8889393702132349 0.1784538203617724 0.5074812759239925 0.9081563409757174 0.7029610216839093 1.8508693250498345
1.7943168416052315 1.185160114970373 1.0006340294521145 0.18737518435642084 0.16873344225398557 1.0483315203705594 1.3663491679605881 1.7311426201904483
0.898559474299185 0.1039313664986593 1.4715216970540042 0.8369209370212767 1.4484200122167639 0.8148375269269864 0.9149993688055132 0.6433855766072271
0.37516800050296867 1.0879285501902622 0.8379085569877194 1.2792862621122825 0.7701592806799862 1.5569861722850762 1.526905573166402 1.3609843219207998
0.5542228226912833 1.1502644688225148 1.274795008822093 1.6289464613234155 1.0647115706976886 0.75189487284335 0.9968034032958135 1.3702394961320947
0.4535424143853726 0.22709500098813631 0.7996060984621685 1.0507429204901535 1.4377096290273315 1.4038695931985732 1.6218043466954848 1.77812530395142

2
0.9170844470890469 0.8191877027380672 0.20890858271107338 1.660574406837884 1.19205763591726 1.0579506068737816 1.3138005368653254 1.653986120880945
1.1566429516975185 1.5320691308831282 0.09096351478366459 0.4145558969997929 0.8403847603995362 1.2458530978670184 0.21084802969575678 0.16946280008598563
0.3863621068375282 1.5525753167954148 1.2282752996860988 1.1394251740986483 1.7377628595543122 0.8602947650203427 0.29966853057654047 0.7910188348788469
1.3500018073041176 0.5962228116562889 0.8883899449736852 1.2950034895588118 1.6208899452737036 0.848347936937366 0.8959252391569809 1.1032797386283177
1.5249227784521255 1.1884139540852066 1.3734315635772085 1.4240087693427352 0.5040369231556436 0.5784597090697655 1.5148207359017647 1.0724884078879566
0.9820299636987572 1.1556853999906866 1.3077097857691056 1.1379045927118765 1.0361774534710875 0.9516111353177068 0.8354331433282013 1.248677378152356
1.7215113967712254 1.413048598335013 1.5544404014454114 1.5097890692113543 1.0770936349824825 0.8933133293415128 1.009549653020591 0.41912483880507906
0.080326344187279 0.23120782737777057 0.28796400827886903 0.9491524025272152 1.3495309615257454 0.713278521091004 0.8280407491421362 1.0490425467823383

0.6452944085868548 2.021905561714799 1.51152776694364 0.15022106745768585 0.7198375709815289 2.0118051332019955 0.32144107106867936 1.7355967530091008
1.0122229720649625 0.060117808312405575 0.3655517519584283 0.4711309323788252 0.3874366674306333 0.7012989108731854 0.9957682547057648 1.877087299110577
0.439053409899662 1.6439566548917077 1.012147795261233 1.9390650599842787 1.1043713163222677 0.6802295526294522 0.6198538276069151 0.18009009345521562
0.011940668189346514 0.3843568023252563 0.5104430749651147 0.7523989923043977 0.3262538145015993 1.9993467960932252 0.2289216541177559 0.8344013155980718
1.2493965358721184 1.892281304849324 1.4732219730763831 0.27490147427166944 2.007932475389672 0.20347264028952228 0.23703889566203848 0.006051258309787333
0.06822435776231922 1.8224130274094736 1.7638090677962868 1.85269104656319 1.5117662131577487 0.6459586215801003 1.525002929874941 1.484700643774746
0.19339747956340253 1.5961724884968096 0.9620102381935863 1.1735932705940164 1.1552574648580898 1.3385915348067385 2.0473665349335954 0.7878714225949126
0.41586676886410834 1.0496898126326941 1.8694467670993473 1.787616999467131 0.7394588004503074 1.4952421630356816 0.5128168627023844 1.2016641681233347

3
1.5033801975023287 0.6826716815736495 0.3023182146447456 0.13371850234794375 0.836421157368657 0.5831273622927788 0.6591345558168075 1.9913263312012384
0.14362002745645286 1.1042684253631296 0.18721867188941743 0.09858316965562258 1.1637525819356855 0.5095471839072999 1.7538577140897078 2.15088263260009
1.5455418115006734 0.6370807102653963 1.0097635238380234 0.19252607905197625 0.20441804026297167 1.9882750635593736 0.9130304642670074 1.2834738397592174
0.4900621554155738 0.29798590381182183 1.4148778959946775 2.0335038674245967 0.006335085959974784 1.7758205728508738 0.5521145678076242 1.954724533584895
0.4916793402923615 1.2331749468222513 0.48163028495107785 0.3028274905509778 2.083608971881814 0.28162297353885424 1.1479686515876408 1.5346079530476904
0.6932127224749508 0.9624825799466952 0.38674772804673474 1.3743457799656849 1.8618926316286584 0.15719282521791206 1.0118923908147295 1.7619246030957485
1.5186381937070745 2.0965269839182383 0.24086134316904453 0.3720261088318654 0.6397325079482472 1.1937922465487818 1.690191359271405 0.5225302636767717
0.8649676757767661 0.25495645495369557 1.518610932864417 2.087830777478794 0.6489305171162968 1.6423763080810752 0.8785112590149338 1.9593426687785553

0.5400807454270989 0.34729006048724953 0.717118849819415 1.323409232827668 0.9999914738094337 1.4119185754005938 0.5087080199270746 1.6804778354278027
0.37271078479548647 1.0972792462317618 1.7651160825824528 1.1510799243225105 0.46815222134377954 1.7051450794113503 0.2835836268976414 0.21847264399198024
0.15304653349391387 0.2429163181285327 0.9602008206570734 1.4884686893195318 0.9442716837621984 0.6639657173266155 0.4371564013500443 0.16483906143989546
1.3940992693652559 1.433849903056874 1.0326375367121388 0.5497747510407852 1.0014098456739489 0.7628517040863518 0.9648677861956981 1.2882150588175088
0.6394613318079122 0.9833131472611526 1.5114334776805975 1.945270397701417 1.4384999663497593 1.9337017113039108 0.4962202350715434 0.9303325700761511
1.5255026673652679 0.7078419722683574 0.1532416754107661 0.6076431993798621 0.0831295568207515 1.578266812352056 1.332888009550438 1.109966598122079
0.7395508865711035 1.3495921205577108 1.763968826027138 0.2970275906351644 1.4461904525117038 0.23333033050383697 1.235135165248901 1.1502743058134177
1.8369694016937195 1.7806592626948679 1.2708190009190947 1.7815951653092559 1.1929140488111616 0.23802588671399577 1.22920709903045 1.4049216453068023

4
1.1247829625390313 1.6676350176332249 0.668307535701617 1.606661382632838 0.14983662563538394 1.337862574163039 1.0897950452095968 0.04451797746431615
0.3440210853568443 1.3950628231877584 1.532220351319274 1.405762807633408 0.785500505682741 1.3830620337032975 0.5207715943022271 1.4969514857949133
0.005092458900850642 0.6863943216031857 1.779941148895951 1.2179121461747613 1.758048829615124 1.622115745448046 1.353818697801956 1.1980260323662277
0.2814895635783778 0.0194042887219232 1.570363293622801 1.0768761957021675 0.6130049637214601 1.064513248103801 0.8254307228964192 0.9991420628455542
0.5632383837903167 1.2338611104177406 1.677470496975109 1.424392086739543 1.56264427337273 0.6439874755376541 1.042187906134842 0.08676311929054911
0.20065493332244938 0.9049799320454696 0.26120179455092285 0.15520228127072694 0.2613257789074486 0.9769739478494728 1.489514255785864 0.9808004271224796
1.8633299583876366 2.0277645788197787 0.9537082492387569 1.621150627614857 1.0453929461966898 0.845705020051106 0.1760547415191 0.6579658667324073
0.772841443354628 1.726007508076691 0.12799230945074508 1.6457906956588826 0.4881077711457989 1.9756602293102012 0.5115965909938415 1.4714077323774297

1.4413530582173921 0.12611686795094101 0.35078558849117236 0.03305008214535296 1.8965125803942342 1.2826027359760253 0.7909503879784101 0.4577663158009409
1.2240503579689512 1.521835613696959 0.42087774145435625 1.4430743466767084 0.5529136441069321 0.4777773729527192 1.889667613473897 1.1417055432241427
0.6949739235788401 0.6565331304615454 1.4159788349496933 1.749163384321217 1.1390257489971465 1.375182985023163 0.539874435558287 1.1159482238173
1.0208378373986726 1.4022366360831833 1.4804594213810351 1.443400367110539 0.8424073677031167 1.320539348790534 1.9139587209285636 0.38319945318576765
0.15044290199126564 1.8000851742087225 0.4791759991286986 1.6049063619448043 0.9203631174255468 0.17081563667539268 1.8320584616311109 1.5932251695347017
0.5246740673990037 0.7744021339343793 0.810010752082098 0.8039179204466328 1.099218175242131 0.44533434765141927 1.3834433232153192 1.2761708667597573
0.298348302733077 1.686540056913374 0.9017412336317958 1.3860904374396337 1.7131812795452668 1.3953023186431333 0.007381134842259898 0.27136879296161265
1.050450224193369 0.18232998990955127 1.8199937665659593 1.0121272050942536 6.364473050121584E-4 0.04069727687248845 1.3507225698928986 1.6700848843875982

5
1.137195569113818 0.8605820894000588 1.1326840010463162 0.4349661825695186 0.639584080870449 1.0507822481380507 0.4196253226061713 0.18723392391264668
0.5541125393700541 0.26733871829803063 1.0170978858355724 0.3612071346918319 0.4590762245989142 0.47490229709357684 0.88962319938639 0.4770772792142367
1.8858372557664755 1.88211288614348 0.5018113920523963 0.09411264251653172 1.97990970313468 1.5168823110685585 0.9861319872677505 1.086804742689832
1.7435455584503747 0.3613343238167861 1.2250957786430046 0.8480745195370203 0.2356116105637824 1.8805156741374662 1.7074655546348725 1.9882847368738998
0.20094967032648048 1.3071850582271305 1.090779136773901 1.8145625907845477 1.8328522264839204 0.9039285776402244 1.7632404441749199 0.5679093787363827
0.3843600211098311 1.6715692320534334 1.6582293100456584 1.1818002339872915 0.33554322590890145 0.5495775332193954 1.3577297345681367 0.47023703259823263
1.6258887149153545 0.40115149091543667 1.3968469678884943 0.889004039493716 0.8315684241757513 1.14674436262498 1.3803060844655475 1.9339476895447416
0.19459032693035336 1.9374678591861332 0.10141962577315075 0.16554314302135714 0.4587932634079419 1.4013793193999258 1.2432519823475912 1.5150239258285998

1.7431767518897863 0.02710224923825782 1.5241012454542278 1.708524549240933 0.4475364179662293 0.4618090294949627 1.0023897999665907 1.0573908250890907
1.1925788791978382 0.7188929364010614 1.2816584033698815 1.7623580962488454 0.437686604911988 0.747476108285538 0.7248197005073442 0.9598466970357012
0.4031883983764679 0.5538287494492733 1.6596525459464149 0.10115954994537918 0.1016637012639412 1.466644438607549 1.4581633442335027 0.8212979733691191
1.7018829288968897 0.6910309362080224 0.675625747771278 1.7733737896191901 0.908465642402647 1.7106484814863183 0.916462566283369 1.7630836350941022
1.5313718724245144 0.18802862785464325 0.1314662488467895 1.6869694419363255 0.909411092977643 1.4322434224551375 1.0051155447342646 1.0193278523355405
0.9357176575198926 0.41942069026946144 0.489565814366719 0.346484198644283 1.5854706104752365 1.7103612751258188 1.5622550965174675 1.6648962529221831
0.22086086591187584 1.3841067157262872 0.7524328783318964 1.567528518465779 1.4034249956723024 1.3558768650663071 0.3583294787014224 0.8207274322709089
0.7648783394148768 1.5865700077198364 0.6277218510069729 0.4062834634851497 1.0576153412444682 1.7663133466276275 0.41746620156290903 0.38823727613370945

6
0.029809447275161396 1.3209757578502355 1.0494784558514898 0.27131655030122825 1.5066391928985983 0.39643514248869377 1.4223070965305191 1.3247953861480617
0.06328986827775952 1.438892358730177 0.4110412731134315 0.5635766334106286 1.8523596518073937 1.5097977413133628 1.0178099419505509 0.44886235882128617
0.49119256451852034 0.2757909549859245 1.8342488591158879 0.2434518489701181 0.7439182538516264 0.27549705048419587 0.46674237898314797 0.7873217646117676
0.4358147581994033 0.10070130341594187 0.9107411831918512 0.8193978861181467 1.0288925657612402 0.29356458021461834 1.4901880250133186 1.7644956874240907
1.6590914335379505 1.7230323035691433 0.8680541195829483 0.16652885554646343 1.937688932370693 1.7804104583711913 1.0801065194759831 0.0389656629050944
0.9713401578034679 0.2124941365463723 0.16070495442472357 1.4688119248921956 1.2670876135851161 1.688670414282942 0.27482521495407913 1.2472644603404037
1.5770229347979574 0.7349151269187305 1.4269600019055297 1.7974290974968756 1.2197120694612285 0.8364268884657803 1.4334556769009976 1.365735435672324
0.8194390921821068 1.1875562716452486 0.40775802559760516 1.9336832607375758 1.83438184939471 1.287420833752435 1.2656855226245993 1.737994228629136

0.9048209114221322 1.545534076172919 0.5745296205163654 0.7724163591202022 0.6409415033957326 1.6837655994064258 1.3042777102915852 1.1329791141155092
1.7518698299274602 1.1405264266258521 1.3612245183464113 1.380571204257412 0.2444950695747591 0.6302411389339674 0.9217138479301202 0.7007369135815694
0.44324850286980944 0.9336009696375424 0.3620971082839103 0.23565476805470315 1.3102110706619445 0.3687398717652362 0.6620715383812934 1.6595961126735823
0.7270580186220906 1.043198213273397 1.3110407286380243 1.0519672222387306 0.9226732311151171 0.9615655303407125 1.2934899101770228 0.5305277503019638
0.29190022032268903 1.1813170256119134 1.1505893636484923 1.7310402875197286 1.59401672027544 1.2774540910457766 1.4253303939765054 1.1549417063850895
1.0158667818582896 1.5728619251562344 0.2708481486841287 0.11623766039504006 1.7145904063765356 1.1361958977465152 0.08941859493869518 1.3852355522270623
1.0574639959502314 1.2461276231946492 1.1014155746300687 1.391105363627876 0.230888592927226 1.7067272731816845 1.2182337592483592 0.813214271029175
0.27087709515505654 1.7212331106672583 1.1605187738658211 0.10222291650089359 1.5501809374952757 0.10065389699832958 1.7348466938988871 0.9790609548075813

7
1.9741068119736191 2.048660460559612 1.3974452098171235 1.9537794521052023 0.09520649387518954 1.0887940147962791 1.9851161139028437 1.8953196308842222
0.8704535407571251 0.6366796360272975 0.05406050655519883 0.877041203972288 1.902594696717936 1.290008864591803 1.4848135644801772 0.21471668306153366
1.2196409474718546 0.26999892091542416 0.06796079400190345 0.4796421459948946 0.19806940510790683 1.9386615772342675 1.8727325880063166 1.8022994316345948
1.0039053493527677 0.4433310054289954 0.06437555931321391 0.1590016904559536 0.5485640524363313 2.0298535072979305 1.0400629124382448 1.039916338708567
1.2055813569280067 1.2750115837646112 1.1483033509505067 0.964995716433938 1.6248925923530355 1.5680305940735044 0.4652317138290028 1.6161789513452651
0.9145203617228178 0.17824953091677317 0.7012149381236591 0.053526240165748265 0.04620685453507599 0.7899254153147683 0.660727437658365 0.29120518336403955
0.7496180843232291 1.2325947548706326 1.2338768895028729 1.9027761390089764 0.22201224044245724 0.5188308316096643 0.5345687186154662 0.11899912104446181
1.7803178229516845 0.5721848742634783 1.622950854110681 1.3234959216816535 1.9113627930276087 0.8966864099048815 1.923995444702364 0.005114168584173515

0.2794553305982799 0.008806914716314654 1.676715296927926 1.1115538423423759 1.833387707744054 0.4654866038887645 0.04233966491328138 0.5756585728594239
0.24674817801239557 0.6220456391922379 1.2461550547491387 1.612855538105282 0.18912522629591624 0.2693617479534533 0.029384619082845034 1.688905418935977
0.8045451177099131 0.20811449970011683 0.12614373312792096 0.617844413022953 0.36513048867093423 1.0998856595716084 1.3781273274061596 1.0402087103834416
0.5553942120336225 1.8272355138190477 0.4061413094511173 0.8715991030298756 1.0324447184836574 1.9815450170141078 0.10147489670668848 1.5656014635415536
0.015289090299331377 2.061214176432031 1.9314062143977802 1.9740139235000886 1.0921350728513053 1.5232929757112266 1.3995326382225866 0.8467169927696657
1.137342366500382 0.42525632050307294 1.3314410779423331 1.8327524951232474 0.26760297208881717 0.5821121914895091 2.032091798306217 0.16617405945965563
1.1271368105330226 1.6987355973378202 1.2307127825562219 0.1739066711859114 1.0506094758658635 0.9434791945705612 0.8286186823755114 1.2508459637053784
0.9905921387741445 2.0301127910263683 1.7399419501969549 1.2823219985546763 1.7604555369715178 1.4448356764088648 1.4414054842610697 0.5084933400884859

8
0.23503671709332366 1.5362867320617506 0.41199149242940736 1.1253253218111416 1.692693201735831 1.5205419629971844 0.736307025758445 1.2204148912413573
1.3059432557304322 1.5168978456090587 0.8867085009166672 1.3022952191826873 0.4389408124251543 1.4761278261805562 0.7663613530286678 0.03259529107342437
0.8423962716375963 0.34600791172642875 1.2832897113190715 0.9828110071042933 0.7084755699836943 1.307589502337217 0.2726525074457132 0.7932368866703062
0.6668546386519166 0.772426316794034 0.9770039246345 1.5159998247740372 1.6021660554380812 1.6127172785027017 1.3814241409043373 0.034519856160879936
0.8991367890779768 0.9462466375408206 1.7606622923014206 0.20491727103877996 0.8723353444241209 1.6828222398254047 0.8296770334064848 1.7172209029672303
0.16132218641013077 1.5766425558805797 1.07398495556957 1.6900179127612145 1.2920145357084907 1.6764344518767667 1.3969706200826524 0.4960919416585346
0.32850160803845324 0.6084194318441649 0.998348220308384 0.4503435039774367 0.6356304482684338 0.4531139101035138 0.592748512985485 1.2656040894737062
1.1956573842142173 1.7592934428436569 1.320366021867412 0.6623495334344105 1.5028173801178963 1.168152213509139 1.081728777317835 0.3963889978057992

1.620637508272566 0.4164076490448584 1.4755955834481205 0.8583435449379512 1.7104981860184347 1.009619287194226 0.9753317231814601 1.002379879705222
0.6862761528427048 1.2697379408421627 0.5046972212427928 1.5014083836057919 0.6179538005733615 1.6099021408695944 0.3550808271954403 1.230996159396907
1.7822166545884597 1.3396494283003746 0.757418254534002 1.7718679520652134 0.997034196622946 1.1088505865834513 1.0848451565918413 1.6516001036031054
1.5345050126741044 0.8968520947618057 0.07522392817655928 1.201708221677023 1.2583692182368211 1.6950781678607478 1.101490929999152 0.6204338890708576
1.6489761379455465 0.3744560759910164 0.721310592679522 0.4905179401094621 0.08470320297149223 1.802094783236643 0.869058111766669 1.0616507964649013
1.1741192170873498 1.4550374641293344 0.7882370204029797 1.7489823814946623 0.04830639253199813 0.3669575967701674 0.5653467098190035 0.2871050115945797
1.0118705584017151 0.2798165347095628 0.925119264075338 1.6407595366218302 0.8078175872008937 1.3257856270743638 1.2414967017868819 1.6143041579994262
0.6869382833446157 0.8383292574235719 0.1989140981522317 0.18628854128837752 1.775340473913263 1.5674372810867125 0.21686027625350907 0.47405260195432225

9
0.309206592340616 1.4785646505487924 0.45953562901905937 1.7373713837626747 0.38299417060079566 0.10146481964488152 0.2885169033954428 0.982417464923757
1.166931991291236 0.6294390638309693 0.9239990923380982 0.03083041422621165 1.1972386183401278 1.8528530353108659 0.331499731494369 1.6717982950070551
0.6379111892051587 1.4539286568790717 1.8698633062433851 0.002733103947665157 1.3381733624007845 1.6117777217534455 0.7758849049940475 0.8552681150038454
0.14116095861457317 1.2833370211940358 1.2886705179672808 1.841803262791165 1.2687403346264663 0.28975218180236356 0.9015151383662388 0.957692060407909
1.5061809716188443 0.9388309341812535 1.6591432603984286 0.041586667862700204 1.0579966718900737 0.21947474448376167 1.1802813971133241 1.790524105249955
0.12902024041481996 1.750526299659855 0.9365535312495825 1.7108215974799252 1.8533280025999135 0.73530492394622 0.9079545452813297 0.9648696344648942
0.11216099771267592 0.910764023239285 1.9614568175002338 1.4001326091890038 0.4060741246857171 1.0232884740160815 1.7613865826025503 0.506117948721875
1.5905540483185985 0.17918201955129776 1.5304306289261056 1.0233338307932416 0.5376309286491083 1.689147721459562 0.6043278159489384 1.3187402085184436

0.2487158261811878 1.7149269845375699 0.25011391153851753 1.1570945945353777 0.4175759537332813 0.9269342842583214 0.9779116682307326 1.3416613751832296
1.8248813474728043 1.449891539123698 1.3765958700054677 1.8960654426935488 0.4644485395769543 1.7086584260539939 0.03572117986420513 0.1950507949022479
1.5132740054008946 1.533624068208988 1.1757277782363658 1.6757592537698804 1.435177790450275 0.8169390321209572 0.5264433261240881 0.4689924114526648
0.8483370600744772 0.6549362606928216 1.0729618955714904 1.6315988324842214 1.178013393558199 0.8373787360047308 0.6308092383670709 0.751876637877173
1.7951633724978315 0.3085431837243613 0.11321373757901908 1.3844579735877192 1.7759606747174232 1.8130852230169698 1.6308127379951882 0.6974501120313273
0.3111165272480858 0.27075710477605214 0.5991279930330886 0.12669067626376054 1.343493667816003 0.15803061241077987 1.0461117241244544 1.6277167969485704
1.7095430974575256 1.1623461049838486 0.410199429052529 1.7827907733731754 0.7604561759474201 1.3800072350529924 0.679498036285502 1.6760897173374498
0.06440435856575095 1.7484793444198041 1.7044222602228847 0.4968395056472489 0.45553129196482123 1.8694550232509821 0.0047344058005400974 0.3553736645814614

