This txt file keeps track of misc information for some AIs.
This file is not meant to be used in the Othello program itself.

Original weights for PlayerWeight:
10 -1 3 1 1 3 -1 10
-1 -1 3 1 1 3 -1 -1
 3  3 3 1 1 3  3  3
 1  1 1 1 1 1  1  1
 1  1 1 1 1 1  1  1
 3  3 3 1 1 3  3  3
-1 -1 3 1 1 3 -1 -1
10 -1 3 1 1 3 -1 10

Normalized...
 0.08621 -0.00862 0.02586 0.00862 0.00862 0.02586 -0.00862  0.08621
-0.00862 -0.00862 0.02586 0.00862 0.00862 0.02586 -0.00862 -0.00862
 0.02586  0.02586 0.02586 0.00862 0.00862 0.02586  0.02586  0.02586
 0.00862  0.00862 0.00862 0.00862 0.00862 0.00862  0.00862  0.00862
 0.00862  0.00862 0.00862 0.00862 0.00862 0.00862  0.00862  0.00862
 0.02586  0.02586 0.02586 0.00862 0.00862 0.02586  0.02586  0.02586
-0.00862 -0.00862 0.02586 0.00862 0.00862 0.02586 -0.00862 -0.00862
 0.08621 -0.00862 0.02586 0.00862 0.00862 0.02586 -0.00862  0.08621