0
1.121686710336423 0.62033120978001 0.9683953472005422 1.0604215146744387 0.9070475796137779 1.4680914541517305 1.7182440935347745 0.7768311380701934
1.022612721918287 0.7024279031862852 0.7548499831429042 0.7335950722294428 0.6342237774932733 0.9935150786335735 0.9498922629002937 0.6211348615168498
1.1412027153580646 0.9204024729797264 1.7113174756466372 1.1996992199008671 1.244240327836094 0.42618781936718364 1.3271128080975767 1.1828154483122277
1.3480346962844072 1.3420967643255965 1.4188918040336456 0.7152283798848778 1.0106763797669258 0.8422707882138082 1.3653860617388558 1.291832683739141
0.6425658078649463 0.7637230502261417 1.146928087953958 1.349052587059841 1.3085298640640586 0.9907343211993566 0.37297585991323196 0.749536048594324
1.0117403657825514 1.4237054841302308 1.1709504033267542 0.35620779279876147 0.7275815298955445 0.9466897015354638 0.9649071922243748 1.1815742839983903
1.2629792003021438 0.6731244485208182 0.8182511014879144 0.9353145694589459 0.6792412291624794 0.8765783113475787 1.341607102390458 1.4177384477629384
0.8919091079364502 0.8053556909059612 0.8618902627681638 1.2856686578843082 0.7920908622308108 0.8240642769418695 1.048792242643123 0.8372955538196615

1.277671699894742 0.9722556016149867 1.223455089031497 0.9045620268253339 0.77536214431052 0.7541037991981497 0.961097171094163 0.7265022379680782
1.1864803859922526 0.6755224902578635 0.9414214122414166 0.9422103014696518 1.3071047164919527 1.0622740443652614 0.7112680936607556 0.8345509509721317
1.568032942315085 0.7295703278265134 1.0853708315583992 1.3593841231164454 0.5345603253189001 0.9482144890410792 0.8462487713602624 0.8119824048156467
0.7419180531209233 0.960495185188231 1.128630817626578 0.7312126459539132 1.3379203502719823 0.9914473962789958 1.1037370266171749 1.642485739229288
0.7588357786570623 0.8269666005060202 0.9585923203323417 0.6907871941733856 1.0325564262618225 1.4532446154744874 1.0305376490520297 0.6667277192017791
1.1270270348707918 0.8262419240432219 1.2320385973027133 0.9004459465423733 0.5493786003085259 0.7602437274680878 0.7053262941117274 1.3259247167632395
1.3478976451863718 1.2297735719634135 1.0091249919989678 1.0177662315166511 1.3442380300876215 1.5327650401736572 0.8697230070124027 0.7852662106337149
0.8619099942006655 1.415642435679419 1.2140972691579681 1.0119025481041581 1.2107234752246612 1.493394808882128 0.6856603110091938 0.3481856890712133

1
1.1521258709305684 0.639004898464717 0.9960566052838821 1.127715203245102 0.7771991489598605 1.0153903629600012 1.3319731126877774 0.8295807225362072
1.050264447072797 0.7207049568276577 0.7740556077727384 0.8082492813057839 0.7847502690793442 0.8744146576110046 0.9742089168600706 0.6425865746793433
0.7429960085062943 0.9449398064862478 1.759820083040413 1.2304830822382773 1.5030370947277996 0.4379281757539513 1.3727796150749074 1.2138068681127743
1.2922441070764463 1.369771677739901 1.4231688229495125 0.7336444565807674 1.042094751311373 0.8638737625478657 1.3984041149191568 1.4181008190328344
0.8493843355829874 0.7833424525125928 0.7647994635143129 1.2619057450837055 1.442096861626824 0.6455525909200426 0.4541021330880446 0.7434129291930165
1.0423884014517937 1.3982001450573232 1.199648881900635 0.3672746867333668 0.7462350111692658 0.9711237163934798 0.9897235010440623 1.2641330161909485
1.2333811731907423 0.6917101000435056 0.8447375349687658 0.7648200777009607 0.6966080598209023 0.6950618206611172 1.4087611564363844 1.1927590458910309
1.3522956160435577 0.9284363294102752 1.07278779031045 1.28261072988197 0.7493066304043889 0.8354636207628134 1.1888983302402574 0.8936642303951076

1.2737953609336297 1.054290284414632 1.263538170320404 0.8572594841418281 0.7648313630066365 0.8327889684222645 0.9173265860084349 0.6843106752913466
1.1258937414442032 0.6668476982710908 0.9273101274757195 0.9320596710262786 1.272348581402894 1.0478556178748155 0.6296900557532968 1.0367714161831452
1.3123670329487487 0.767039520985795 1.125001831503113 1.2521379443380458 0.534934244381047 0.93687394426803 0.7937400527926761 0.9423485623745733
0.8092233336286023 0.9475575938364591 1.1262138693666193 0.7213512853267534 1.321993877696784 0.9930005784892955 0.9771878317311807 1.7847863679066642
0.7487231503933153 0.8171724779506002 0.9459401205840565 0.6389728952620829 1.0059586774844913 1.1743123553563166 1.2005709034432328 1.1080995600260188
1.3598087639242435 0.8149101382061277 1.2154762768522214 0.8882263058235368 0.6237956384261897 0.7335330037851604 0.6896505556590615 1.303488458010397
1.2380816469261184 1.2243163258239027 0.8829591547983735 0.990637915741538 1.2493559457222896 1.2055180449358662 0.8590116544248144 0.7747971493478206
0.9026691164908106 1.517146807505768 1.1976156598345835 0.9966065612553469 0.9815862666467854 1.4713985965493328 1.0050307451986504 0.6019534540659371

2
1.1664600528849631 0.64211398698829 1.014247519676689 1.143044691033145 0.8766113753217437 1.0759577850126125 1.2391605484609942 0.8416277659821619
1.0501821401933211 0.7303150544317418 0.7834435249654398 0.8455178634691467 0.6657805657028273 0.8891911903470118 0.9899187195961541 0.6529707165351955
0.7615735584955067 0.867201602798093 1.379230947884179 1.2481663672168033 1.290129409658111 0.43464443558429816 1.4338661338360807 1.2295462462848783
1.3101900619028148 1.3966957357906815 1.239041944282741 0.7439482119796406 1.0511360814918895 0.8756703703951337 1.4210883662697513 1.3764911785322465
0.6661629994658911 0.792693793357964 1.1835842035386732 1.4128533420931584 1.3181842752022892 0.6555901282158267 0.46461433658245316 0.7767015215255673
1.047015010299259 1.2694080922798932 1.2174412069900047 0.36839060630321074 0.7563811219876251 0.9846051137720311 1.003092513935511 1.2822437335712773
1.3222418387275117 0.613563911590638 0.9007305504400571 0.6575472261676462 0.7057420353853625 1.1843167517407898 1.4263016315778854 1.260617473081924
0.9239154458448452 1.2689045067228912 0.8978371410317165 1.397858593906488 0.6694179279873911 0.8595032624425705 1.0863060694825686 0.9610694817447946

1.2629383689191622 0.986832927448036 1.2224475985263477 0.9526942765236499 0.7655608278805629 0.8329196820869622 0.9400291455187585 0.7954210479917161
1.1720155160878598 0.6680005235238178 0.9314334091245201 0.9193041782065576 1.3083880012567026 1.1132007689601127 0.7077863333910993 0.8318996157371354
1.3200609455465542 0.8362233220970768 1.0712987283462645 1.4140087107998258 0.5948733623323669 0.9375407207378917 0.8371994536265795 0.79482659960444
0.8053117918029671 0.9481258059075794 1.231388283986587 0.7224267038279051 1.2401771915872541 0.9792072257987487 1.090466685259149 1.5030677902045588
0.7401445660058462 0.8124845617834726 0.9473500842577839 0.6952315698424034 1.0353790103756864 1.0955358441834708 1.0184178083788926 0.6496114231176942
1.1316643058539002 0.8212420534074842 1.5191727327954956 0.8894833688751812 0.9816814565125098 1.118175109770684 0.7030218548192327 1.322460763425963
1.3305289283702266 1.1965801986006686 0.7990608150400166 1.0839728318080355 1.334116069520995 1.343473367886652 0.8990766866367955 0.9048653258488893
0.8597195689923915 1.295427474803575 1.1969151781186915 0.9946412229321633 0.9683058623736199 1.4444815343052937 0.78617775858944 0.3445251201181085

3
1.263912628674047 0.9683170459769015 1.0032974250621305 1.1794466662133862 0.7990675874660229 1.0479870233897954 1.3455845044163768 0.8383245513326703
1.3615165557281592 0.7275267981306645 0.8330482193688562 0.7501013853736452 0.6590406069999888 0.8915600772309521 0.9835182976650333 0.6503720073671496
0.7500588471283943 0.8653849053107378 1.4716699359470171 1.2589713665025457 1.2873666514561453 0.44046940379255917 1.3830737259582544 1.5121349811870561
1.3547678398525804 1.4540375566675303 1.24736996222964 0.7407499306512567 1.1105729592130709 0.8721316938716654 1.472894646585825 1.2989506247257903
0.665376007940646 0.7904003952967661 0.7722861141632352 1.179597764355266 1.3374822302106668 0.6532548232805422 0.46026523225841093 0.7489538268467805
1.0523077394550626 1.2662439667232768 1.301226058212888 0.3690441725239777 0.7533417278015153 0.9805652700429397 1.0112172471484058 1.2774475170291189
1.2469338270127523 0.6128719550976333 0.8764799070060733 0.875278059066473 0.7032191192748084 0.7845382437855122 1.4171876501077547 1.2250714452996583
0.9614580442761362 1.1296390696758336 0.8934402761910084 1.2845630713086804 0.7422769115536146 0.8495801360586696 1.0507973529696077 0.9044284265504324

1.3570288403625597 1.0017498613942304 1.2206136717616984 0.8443005315057914 0.7621540530478037 0.9145323027169509 0.9147017461094037 0.683483887674989
1.1221269395451776 0.6932741543039612 1.1871702220998062 0.9176283953293668 1.7740502752552745 1.0930118100283404 0.6321970162728952 0.8178818681191761
1.3078375738708805 0.8048826661586163 1.0667827529379386 1.2470494197523734 0.6886131169317237 1.0093607799219588 0.791387288681326 0.7911126846236897
0.8016549721536588 0.9441373693571278 1.1208462933058243 0.7190340763232705 1.2208941161767206 0.974644747136393 1.1808375805326243 1.7549028430301434
0.7462992757235045 0.840319451002998 0.942800776357509 0.6389310410946593 1.0170683670568978 1.086963406064573 1.001182068957412 0.642266525938159
1.1246290884170795 0.8119137549930606 1.264419112817172 0.8853608047815422 0.7165031820758896 1.0728178540856244 0.6933911926638221 1.32165007761228
1.2113396490816486 1.2019411835526588 0.9944993214750698 0.9863393407293474 1.247938843975714 1.1427538550412002 0.9783942244475419 0.7756037976357524
0.8510998998438495 1.3496663060913778 1.193373723667554 1.3794770339681977 0.9675919730914495 1.436774119152396 0.774532695581162 0.34227419660121305

4
1.0642241758569946 0.6407418837196432 1.0139707163101628 1.0996554296027892 1.0073209515944392 1.0503815055357208 1.236484028131526 1.1164757946092077
0.989620679065919 0.7128109009203982 0.7813784336197714 0.8229951478894071 0.7962623216671219 0.8783819717056481 0.987493802150504 0.6497179713749504
0.9264383789857356 0.9534734528598967 1.2657387157281907 1.228628083202731 1.3375458228824717 0.4353093605350522 1.1426716896430957 1.18173084903458
1.3503915127423538 1.323043289504847 1.2088151690421949 0.7420482907652848 0.7561806658389764 0.8735455077576508 1.4176705634927955 1.5023739138395387
0.8551706470178638 0.7912091755824824 0.7765583193816731 1.3888934637099497 1.3335093163780007 0.8032536420727189 0.4612525162955117 1.0868722930491757
1.0804778307235028 1.3774665077118988 1.125587038804085 0.36924661782724805 0.7545725692505696 0.9820564163149794 0.9887894907986267 1.2776247035685986
1.316845139031887 0.6973207390158703 0.8438294470338261 0.7860307633275413 0.7040812476180305 0.6884376088293704 1.4276528854664101 1.236495045685119
1.0944017980880998 0.9348427120554825 1.0837428582138193 1.3332815370859685 0.985154170033156 0.8512852876825312 1.1147845919060595 0.9557526408303547

1.1506478120651462 1.3399597920600046 1.235353895422278 0.8689966535764703 0.7500525984564256 0.7319061805133785 0.8986841881238764 0.7779195536109422
1.14839274896689 0.6260571569429374 0.8851314618764355 0.9116881701007172 1.5440709812621505 1.0294048213067073 0.7713123996735183 1.0262824751657562
1.5252908075242504 0.7790252350494357 1.1028578792630734 1.0894517332889526 0.5822227318681624 0.8013879383866459 0.8200891032571742 0.9239224809214281
0.7932223664514141 0.929020438952373 0.9437409753208453 0.7075867774587097 1.1422067885120593 0.9739707803628068 1.0689609566767366 1.7382176412733252
0.7249487007238545 0.7986757927611162 0.9279876812424505 0.6792672434897598 1.000046704445373 1.1555037716927232 0.8913091299720293 0.6394513725463076
1.2803521768991202 0.8047525497603896 1.6515073010925614 0.8712242631606071 0.47892412707349463 0.7316180542123629 0.9900463361297155 1.273263337396672
1.3263085176784415 1.5923844829820852 0.9779661593411227 0.9958794688121231 1.3046767463138322 1.2264035362846726 0.7599935701081606 0.7450829829235187
0.8897840490878914 1.4285069646854802 1.1727165199239413 0.9741941546954282 0.9303880478108356 1.4443228433838313 1.1252021473373055 0.5902757423417827

5
1.0907410118652772 0.6507981898580375 1.0432309059275646 1.127212758534821 1.1174940377616633 1.122835154596324 1.1564347571006042 0.8597948547630035
1.0005780204099057 0.730283046729126 1.0042729365775014 0.8695250081687786 0.684353763956575 0.9028029629842305 1.0139833710843438 0.667204618429922
0.9014649237376937 0.8850208457430729 1.311841451814292 1.2598078451865231 1.1374180132752567 0.43670097569656596 1.2181966386662737 1.2106128821812525
1.3828013869456617 1.3648597596989478 1.0367192268026493 0.7604431372589572 0.7751700554697968 0.894864194629388 1.4558309954535626 1.475980853206704
0.6788861860676434 0.8091738354553742 0.9351478040794295 1.3165947999112153 1.3228931002408715 0.8211674225391697 0.47683358039844265 0.8181365403243729
1.0605490182849604 1.2952949415908541 1.156186483268721 0.37435205516434217 0.7729434522756223 1.006245078532597 1.013006433754566 1.534961797903671
1.4937706995375346 0.6257061615539764 0.9096315412455677 0.685796413140884 0.7208873185621193 0.7034837049915844 1.4607159710953241 1.3182883970771597
0.9032647030856167 0.9536013940453144 0.9182692673766427 1.391735508046195 0.9135381978669328 0.8847219608326218 1.1409892339220369 1.0339484133143648

1.1446838937619777 0.9521700878525737 1.1996827570014288 0.9658218984124708 0.7535876520734546 0.7351011026970923 0.9243467842707608 0.8894948684257026
1.1978104767149569 0.6296455768164703 0.8925954113352239 0.9026047264455053 1.257024408449227 1.0843219761258063 0.9828815664320135 0.82903292018111
1.5376876580876737 1.1593423172737272 1.054297657607814 1.252930189755676 0.6430237162281424 0.8054914865221353 0.8656694572533128 0.7826105269665847
0.7923661187372062 0.9330707405248576 1.0511098872209674 0.7113011084170838 1.0667752029576563 0.9640934422172925 1.183744187332397 1.4683032184117235
0.7192886719275837 0.7970867905723442 0.9328581771736946 0.7368393629650835 1.1871319424161744 1.0825171675393903 0.8955209397116776 0.6438534142317733
1.0614501742160651 1.2843690412646707 1.2511711691113687 0.8757319595326388 0.4822813434618874 0.7596365844524775 0.6859966502649253 1.2966881007506332
1.8467094042028744 1.1674131322951624 0.898882623954187 1.0911352777805532 1.392472378887692 1.3662447588353794 0.802478755101999 0.7486836639521262
0.8509585709007983 1.2164906219499665 1.1764433070784173 0.9759385927461923 1.3582636662093717 1.4233286317977345 1.0396705564690867 0.33984154573605313

6
1.1626782689569575 0.6394200974632878 1.0097378411782694 1.1383936559759902 1.0181928255916464 1.0708898220663488 1.2357560012850428 0.8567224631506029
0.9661547277556477 0.711497368297039 0.8309915600585335 0.7561596920270635 0.6628177524490106 0.8854522415048875 0.9855963831929254 0.6501096016633103
0.7581892559350271 0.8639506139186615 1.3740318954451631 1.2429608827381444 1.1084519265839097 0.4329038682304599 1.1393724338884879 1.4637229782848133
1.3972068865841858 1.3914282774270739 1.0205319876427692 0.7407273333573066 0.8147186132162599 0.8718842455748702 1.4754765159738261 1.3425494241756541
0.6633163014557273 0.7892846817310509 0.7752337695226058 1.2920320245104566 1.3130142223232324 0.8022157865681485 0.4621657077434483 0.773052656009895
1.042631598419271 1.4079530063376589 1.2132738124735203 0.3668346306821053 1.2280735908312732 0.980345237733036 0.9989064407010083 1.2764179094843622
1.3156109472495412 0.6113924563288484 0.8657318945148604 0.9031644923728444 0.9691447478400574 0.7692507783514704 1.5264757761750851 1.254642859869677
0.9204489661919308 1.386088505248433 0.8939362492451759 1.3202904311578505 0.9676747955989866 0.8556925892974774 1.0812461680300283 0.9557795244077516

1.2752019947074895 0.9960972417061001 1.2339782213368733 0.885043467331873 0.7728292613918595 0.8405441786511366 0.9265759310005305 0.8020943729010845
1.1830137087909738 0.6744163658888096 1.2967923892129851 1.261512269384944 1.32079250183449 1.1100095218002628 0.7142691340991375 0.8397219126720201
1.5693678327494947 0.8433971510895124 1.0814727147323153 1.1231621372196918 0.7566112107338272 0.9034611669207949 0.8450195001849794 0.8024132822940568
0.8125256263624694 0.9571295616491993 0.9725138959097297 0.7292823957050651 1.0808493366817045 0.9885017587788099 1.100500611522434 1.518076483711866
0.7472523414915467 0.8202301577107125 0.9563383373956457 0.7016039515575767 1.0450763033222246 1.2269682159063544 0.9060649640668572 0.900273276292454
1.2522594716858622 0.8289908223468302 1.2824618488370352 0.8979253998832054 0.5906901482143831 0.9194579794686513 0.6969680111823835 1.3349519703577946
1.3428436430829909 1.2242331600923977 0.9210833794595551 1.0250451063447605 1.3465153183748573 1.2040282580865456 0.9076084639729477 0.771409060976152
0.8678167910068524 1.3085030442661993 1.20829492521389 1.004120191271533 0.9482782691383695 1.4583704235168073 0.7893699165856022 0.34778970993448205

7
1.066394015835144 0.6389225063262627 1.0230550338370825 1.1422469216385158 0.9419120341990405 1.2363078370232017 1.1298280181448486 0.8740838918521389
0.978249677064137 0.713999702159274 0.9319944263972695 0.9075820789701006 0.8036985483223733 0.8737609035555478 0.9914231504431958 0.6579878647374928
0.7585099620127462 0.8646558589403097 1.3524141549673943 1.2314977730464118 1.3360895422149628 0.42750702312804284 1.199439229836511 1.183509994577771
1.2606794379778314 1.3266551699903337 1.1895102160059228 0.7435792234421287 0.7583324374350682 0.874923942439841 1.421474372728714 1.5380902835500958
0.8542528738928852 0.8954455618040295 0.9166716154794993 1.163387557530199 1.293131068947777 0.7226678460633414 0.5392185418394764 0.774898837061297
1.0413769155060022 1.2929122530284933 1.1275958324410067 0.3678737772006437 0.7557108752418524 1.0046577118663034 0.9902953991038704 1.3337286527037666
1.3281536227278445 0.6719993527085213 0.8955517388177818 0.808318532354142 0.7047560260278785 0.620030520801952 1.4615483298685294 1.266342831524418
1.09241090760224 1.0365579390525523 1.2875872005036078 1.3250857720188418 1.0887016829190814 0.8554158602388795 1.0571066404580673 1.0482924898655164

1.148487008561536 1.0391327097995682 1.2470127505036077 0.9256068521735099 0.7481999407012964 1.27975437419658 0.9174350609991504 0.8720749157925789
1.1460881526697815 0.6252842958320806 0.8846180618766344 0.8985827071809479 1.2311385740052048 1.0772563640123065 0.6930164149235354 1.0333884485866238
1.2963519852303411 0.8921162455927786 1.100231756784248 1.5673472948599088 0.6475482145674973 0.7997288262153158 0.8197028409859721 0.9160021272590486
0.8637435327763374 0.9264997955588749 1.055696296245402 0.706292507331856 1.0583053060144256 1.1755667660582947 1.0670043802995621 1.61803856647262
0.7140984751250183 0.7927150735252316 0.9265654191520418 0.6906908988938153 1.0132593380462582 1.0740460288760723 0.889114234056073 0.6375575919116486
1.2974333855992273 0.8081861358524356 1.2430960267532907 1.0070288271390704 0.5586925046675002 0.7383603495229027 0.6832810292219751 1.2831668661344877
1.3574678878124862 1.221488160502308 0.7807727198951765 1.3540357901443703 1.308273406425356 1.3137161864381945 1.113628520858526 0.7433342275884305
0.8966517360241694 1.3244601797241757 1.1679937776760208 0.9673355449896842 0.9415124584951644 1.4111000976845525 0.8720012087753231 0.5916828384215636

8
1.1498407774170991 0.6341385679232646 1.0000623403218514 1.1648737416048376 0.8540932750273649 1.0348161041984547 1.2213695834709783 0.8606704331366531
0.9538967685111343 0.7025947449188075 0.8213125968553624 0.8023603317666526 0.7885855751851621 0.8655944358838464 0.9732727861408005 0.6476164391679244
0.7960384548476912 0.8525406924300071 1.4280827980752284 1.2274596060437348 1.3178307964415874 0.4281577066175422 1.132666658502478 1.4502363024690565
1.315346909853587 1.3673448120615501 1.183231687266724 0.7315478851227372 0.806002730313211 0.8609882261523594 1.4561174637980878 1.418777548605669
0.8448820498678932 0.8219309397009164 0.7655405818724733 1.152612845781904 1.2967404521767023 0.7123086361275561 0.5291008581236024 0.7380549216022879
1.4601964957614912 1.27457977383764 1.196799966740785 0.4788881530315408 0.7436907952233018 0.9682526973367741 0.9864920324698505 1.3135208446761528
1.2374675689394299 0.6035877247970316 0.8607239991035333 1.0166187391335129 0.6938533964409506 0.6935536151863688 1.4353875972241295 1.215955848935099
1.2289105168570942 1.424411231565487 1.0711394376146084 1.26765890072368 0.895194622955508 0.8353313747104891 1.0089535205589344 0.9801910807918274

1.2678471934526316 1.0749366939801697 1.270449161609971 0.8355803489942802 0.7602353949161841 0.9164373726417371 0.9108947908086259 0.7764210714913965
1.1195096042099455 0.6639376739390045 1.1608225952839768 0.9154700197322977 1.2825891923336352 1.0925896283146348 0.6311699775667067 1.038537894680538
1.3107773325911514 0.8782714624305434 1.1179224011459754 1.14934346804339 0.7547569291557618 0.8897315744045415 0.7904760361376592 0.9298765407650443
0.8771881227902819 0.9416364784318094 0.9675446304418516 0.7174734789697594 1.0622139774769592 0.9873345303814871 0.9716176963766663 1.655521668323018
0.7351506528980493 0.8082416362642308 0.9411305267423871 0.7558771870491867 1.0157449550373396 1.0875813235881238 0.8911369139237998 0.643312332035613
1.315351378308215 0.8154425559156295 1.2624343991942366 0.883308358643589 0.6630545733916821 0.8902608107743462 0.6794692458799835 1.308966043598754
1.229939128793512 1.1993457559048615 0.7931311979288138 0.9952445755554584 1.5574815723360926 1.1386299817022194 1.2000598861100855 0.7588880714472542
0.9059685155942165 1.4059367992398297 1.1885890727829225 0.9861554355689193 0.9603035239953812 1.4325128422850117 0.8773120467028629 0.954923758985762

9
1.1433230339722975 0.6258650974944048 0.999967956772347 1.1588391040556612 0.935778855760589 1.0925151055509392 1.1092026833177677 0.8568974058065093
0.9372921620031555 0.6995408845605438 1.0288134156595947 0.82455179442873 0.6578870080766135 0.8646333666376903 0.9712547440392006 0.8049118706194878
0.7430277672327242 0.761640432263522 1.4330021589496245 1.2228385638598909 1.086691151386103 0.417334128818957 1.1736090788877027 1.4383699391995988
1.2841465545837307 1.3692713568689439 0.9830094045895644 1.1263719296761472 0.801774103269893 0.8571562982135981 1.4519612215948203 1.3526172174065725
1.0501455137413618 1.0881070422104708 0.8972773009858686 1.0488356662939249 1.2495332277732727 1.043812355179966 0.5295087557099845 0.7574944863701605
1.0202811113723718 1.2405362167944407 1.1928333972487715 0.35873858002912123 1.1105793734036484 0.9641520474275126 0.9819569331323552 1.3074821858810204
1.3023664841974918 0.5167182940495357 0.9000934866504103 0.8918978065866422 0.6904026016631203 0.6884815240668481 1.4267382731840694 1.2605537160319702
1.3533321770835103 1.014275546753882 0.8805660124365687 1.2879863400322344 0.8000763311160091 0.8439386428299801 1.0589972655744602 1.0282055086320798

1.260572605719195 1.0105743460448535 1.2329799423351209 0.9331725570478421 0.7630977685510953 0.9188102409928963 0.9360990410021968 0.8890606371483415
1.1686525086804709 0.7179138120072974 1.604765629189726 0.9053597973239439 1.3220688226525499 1.1473503310817053 0.7108138562568082 0.8370907269357714
1.3221083362273156 0.949307355584621 1.067500806088743 1.178725960168732 0.815825395473276 0.8930500390289171 0.8360354009769582 0.7853787047976262
0.8754782164876026 0.9448482650062592 1.075726826253917 0.7205591116558258 0.9963715501079482 0.9763488306187025 1.0873262720825014 1.3796345291219252
0.728692859525335 0.8058506748477335 0.9451763197832869 0.7060192114083522 1.0478812294443385 1.0123632320965665 0.8945608906641356 0.647167868818408
1.091635324873115 0.8240274224106913 1.3208765427317815 0.8870409808884878 0.6658357927559219 1.1947802789459636 0.6947359838213836 1.3315145432263864
1.3255999983423568 1.1751161360138431 0.7119959808864984 1.0910896555067213 1.3364674355083963 1.2796429861863847 1.1355598326598224 0.7618185608511668
0.8656432801993559 1.1891290394672633 1.320799824036417 0.9869811521636843 0.9498120756467769 1.4098013002004717 1.055620029651112 0.3441553337871576

