0
0.6669320753254098 0.2211480118030589 0.9156150738067084 1.8808316476055014 1.2223877533948055 1.0681939662824866 1.477051652575081 1.038935430861381
1.8620050861041229 1.5112090330172303 0.31424776538382904 1.582393868446859 0.508541994030942 0.24390749424646033 1.091517535402441 0.3340845880230242
0.8765805642113454 0.5307476176445202 1.2224704178732717 0.5647134233492286 1.0099366284355464 0.2072119791656482 1.2962047384468576 1.7591702244438985
0.41868478757674066 1.9114343511592644 0.9511185337297826 0.7655139427973755 0.9762782715337431 1.2619587868842506 1.3856617891885354 1.476364268231756
1.0315711554152898 1.083597508992656 0.5500020490430653 0.07589471946219711 1.2729333040155457 1.4022776440640188 1.5112091513694113 1.6852596067200072
1.0750450013288877 1.602689164087902 0.33013537964683776 0.3076971613462446 1.4730095466514674 0.8072136778267414 1.324029892051049 0.4051182735042429
1.7653373997484878 0.31401163910279994 0.8357866606464367 0.11954646875409157 1.8204811690957854 0.057372343071265 1.5856654715584368 0.7861177826752223
1.7649965866473496 0.8696805091472032 0.5872600091278611 0.9457277363063002 1.546567171572797 1.0671718098983507 0.30646144253007934 1.1370792636108478

0.789453537758378 1.5477668652005399 1.543949351883 0.7638772128943033 1.7306200386592905 1.021294988196892 0.36823809417601727 0.18136916276559636
1.5681753690962725 1.7168306466909644 1.2775008302742188 0.9301878036609468 0.4706030402918549 0.855315646480622 0.09659636684580869 0.7810335906986035
1.7408674391935781 0.4293240714617862 0.7083725588277227 1.7337666896868689 0.5811350836213541 0.15862695925694623 1.8350167621294797 1.5938291861283556
0.5245183152180382 0.019057833353748038 1.8854100891571481 1.5372402014417728 1.850779250422517 1.1539050431250446 1.626138662877697 1.1127310152296583
1.1950616017625018 0.8792072852244908 0.8663683561356259 0.906396848041653 0.8088676153874068 0.531672963899456 1.3656188294636504 0.604073821657789
0.845010756716735 0.8630855828609048 0.27858270456173984 0.7121030838019603 1.026193926229093 1.753650069083901 0.12077916534859415 0.8469179952168386
0.794104622514502 1.7857351017400855 0.3643217727491937 0.5823363700239593 1.3703061792223687 1.36278849677986 1.202235686283545 1.1766349193331314
1.548260275843882 1.4019312828827744 1.556932529858213 0.7850935457402516 0.10797582093187608 1.672871483127745 0.18407654273787435 0.36727305813335626

1
1.7753781536784792 0.9026674254359827 1.2142601735540135 1.9111516502736747 0.3074736572558827 0.6446661543678398 1.0108974685605923 1.4589788170074525
0.35622473505754887 0.7909813388010681 0.314815129108155 0.8127006118598105 0.2621230217201804 0.3232717555997916 0.8617659714568324 0.7514936598539967
0.16732217211985112 1.0305596629423506 1.3484970888675485 1.928868850296663 1.5606376748414847 0.39747052938991584 1.677232713723612 1.7048788595949098
1.9820802298044438 1.7359365633995447 1.5193792800192891 0.2832181598450478 0.4853407133834583 0.15791377327178083 2.1570051461919264 1.3672852246364011
0.06983701313549755 0.3375967707386583 1.1309467777650355 2.008954750292609 2.012858140290039 0.03063003079482942 0.02810393087187713 0.1077641599608413
0.7815009397111258 1.6770307585862685 1.0907161130005847 0.28484200252208186 0.36838486253498676 1.391502234993335 0.37445501928035796 1.907207975566392
1.888316213302546 0.06634583834582869 1.3086304289543276 0.2589509358141892 0.648833040644464 1.5024587245952326 2.1596105654586166 1.9694058052186243
0.8316798008702083 0.7123808147375663 1.031453893913458 1.7356034985806825 0.006146035446103445 0.5291849586533449 1.7460195938642311 0.8001720056365426

1.0980229266958277 0.577889370075531 0.4030038256712865 0.8832998565380745 1.4346300859016077 0.5349593155852924 1.6468099446798332 0.532257231236382
1.4972302335572374 0.30296284133905227 1.345846938255851 1.3944184861770375 1.653930895612406 1.7667196073387506 0.8722304378519158 0.3236090786944536
1.6094003313150638 1.0711266816905332 1.5061598150505118 0.567465898639377 0.8001245034554763 1.5216260984455166 0.2892199336654361 0.6303795038861407
0.9705977368323419 1.3787268763436582 1.0162097331403508 1.270054736308641 1.345646580937412 1.4809621336235952 1.0871577338046907 1.7248306296969045
0.15059647531754924 0.8324604185119385 1.1957851921654217 0.18596620848988754 1.0914106049714036 1.7581934278594809 0.6279041657893786 0.8115740915219786
1.6793585864841882 1.43057946689605 1.6209287303506235 0.9726729805089347 0.5472546147576132 0.1487270530396226 0.23218475108125403 1.3068315934804728
1.1988953163344587 1.433578068306177 1.0663374727149357 1.2841221659345619 1.2886076520687078 0.8024413217260382 0.3731221244767865 1.3564584098383419
0.5694431001752147 0.5433926572407352 1.387209274582566 0.8335070521902637 0.6663401852470227 1.6557581063685594 0.27974759313771835 0.13110113638594195

2
0.8063285006419539 0.14108758155044918 1.6773263859142469 0.19105753521694133 1.2630568948513508 1.4654757086259387 1.9463986114657368 0.7489518026521188
1.594532826991862 0.3907200692927719 0.6239705238171916 1.1488287631481267 1.363020582046817 0.6726114398804295 1.06134649089558 0.813241040921687
0.5567770583643769 0.13400675801027964 1.2025426697058679 1.9540766817119017 0.30381719546445407 0.5070310718313702 0.1785708593754253 1.3579622927079824
1.3438477182763784 1.0391575396980406 0.6277194597577681 1.667417019067986 0.4743249435883644 1.5199661461386837 1.8054018196419446 1.2783517453323636
0.9292702784012938 1.7089268283333205 1.5029599449025552 0.5356188259938757 1.2618659828716552 1.9549957997989584 0.11184682190481132 1.0153925390163072
1.6472873747263248 2.026657410857885 1.7104184834692826 0.02732762752027555 1.9265536152353735 0.7992948633002418 1.9873419357129136 1.7225171911255395
0.17696534499963654 0.009800747279232573 0.6487630695590154 1.3892185275436646 0.7569907070556476 0.5274465754997071 0.23644040958259313 0.969126672960613
0.47805788497700746 0.7986682529650158 0.21955217426315823 1.9611917318617271 0.8381381887647205 0.6977163584409717 0.6748156613282483 0.8899064331620289

1.8274218625839878 0.4890154657032756 2.1165634154274846 1.358602657452863 0.4629882836344236 0.772368185640589 0.23405619254655105 0.06585879642196601
1.394477001378816 0.23358615371837022 0.8902825483371883 1.0867888227327889 2.0743296823724604 0.0633261586650408 0.353332291908776 0.43311949228920404
1.4169786099835209 0.2699618289039091 1.2538905425957152 1.1652240986220956 0.15555357352070323 0.3588406739949904 1.0940876108326292 1.5249196950414696
0.8452505574320491 1.275016123558991 1.0129136689022131 0.09624005004936005 0.33722484777094974 1.4856836352563123 1.5932458893832002 1.9951717559938245
1.892679639779205 0.5707253225667426 0.6783871564536814 1.1487696501594566 0.7427148469050071 0.7130631392011489 0.6688754153145202 0.41503585853477554
0.39732984082480416 0.11606234084546845 1.448258869529233 1.4378881201841283 0.24035267625865359 0.49934362365226315 1.8757198166408806 2.0682725218295377
1.7631314764475354 1.5008703748791732 0.5322602856528493 0.7759807191169716 1.320165675014545 0.05938835477383185 0.41218632277098216 0.9916530231351096
0.7034028866020926 1.8866007410195378 1.8133757002532518 1.8997390526228746 1.2988567174647905 1.9522303464774882 1.9924375109957622 0.4479218014379629

3
1.4106716963507688 1.002749006871569 0.8104932812219752 1.622289847295697 0.059246099446221945 1.527370487881657 1.0321321056213613 1.5710570350063566
1.4527375150913555 0.9509124388952832 1.6975811997486436 0.02054133537777241 0.02331958566836 1.1269544496645507 1.8228078525985931 0.23323974214628207
0.055807441955433156 1.8026677502600372 0.36236162017414225 0.9425477420709866 1.805612324530165 0.3351752031441965 1.4921796811741137 0.07230554063430064
0.9167406457323698 1.5647707208516408 1.6971318280073489 1.8417334410337176 1.3988312919153207 1.3900866146179496 0.6421633000497448 0.42180765147173793
0.0603475417802418 0.8427577332915291 0.3731301461862891 1.1364200359994558 0.7662320390498625 0.6029915859665641 0.9744810413718809 0.40913402525396775
1.5979872606072887 0.29523742818897813 0.3384602316347948 0.008634668455683675 1.4299086046326843 1.7506077438449872 1.0183363678934125 0.9586504843550441
1.850593639873288 0.7647505469533092 1.1703649329936896 1.0559551486779912 1.379520022063782 0.8416283568035146 1.7913727275002178 1.8135526379078162
0.48277217405428413 1.467877441690325 1.509108639311592 1.1949810896677857 1.0601336677835462 0.48928117117036246 0.7599537211606826 0.69881066736551

1.0396747864136777 1.6425137340343898 0.07652505840598828 1.4008828517529142 0.007198228814119409 0.6759230822814026 0.3850057553667445 0.3356889453652252
1.4730265967199643 1.6585068062854353 1.8604339583837781 0.9814346498238032 0.3319238154715535 0.277510111862821 1.026348291166675 0.9762814182149042
0.987470066209535 1.1929666754112493 1.0861189863785738 0.6386105770922554 1.4468588772600262 1.1414060180438161 1.7196340019710232 0.3018181638281406
1.8175414430053156 0.21935296339754773 1.696153592802218 1.1818151320677535 1.2040917345052264 1.9595811469555253 0.354075018435799 0.4521993673065859
0.32140086269877965 1.368557436003514 1.0466108023566243 0.22262420328139984 0.5609620350338703 1.6535627139736044 0.952374728916206 0.7109968452249538
1.5007398808329404 1.6942380111736222 1.1965592802690586 0.589365884644272 0.8438607901606853 0.7854045947374275 0.6535287986252911 1.7471317566962763
1.3557961445305273 0.021614208790170602 1.187248488487845 1.8133210337845176 1.0734684581998188 1.8775119025284888 0.2743521324231127 0.8419994479965482
1.6507715983654152 1.3694154370750176 0.6709528585113795 1.4287641565598594 1.3069206807719047 0.18712971173184628 0.3790493850695417 1.165193875511488

4
0.5578314923004765 0.4734532378802537 0.6793022294540588 2.1432529310273485 0.8722780789848475 0.1554050966449619 0.24209217744451383 1.9480904742838896
0.8820789108288747 1.2329955353970545 1.105638634233916 0.06301711682955934 1.9308585474357112 0.9941391105795011 1.8767428921875442 0.06559079438928903
0.49662622498004094 0.2607048894200699 2.1040037168284056 0.515479129051394 0.8635321039200675 1.0623093858819177 1.4824275226513741 0.319784922760584
1.822243524756517 1.2948280695755534 1.0313364061406476 2.058953816079112 1.4604549949563055 1.804161380417797 1.1256660047368292 1.5590998905212197
0.03254321140894612 0.15196156578718897 0.41151954258575907 0.6947603278156297 0.4598546510634546 1.4258735517127394 1.7554568193756048 0.27225426467722513
2.157798632579935 0.4535505218065965 0.2464342303549473 0.5260509745240471 0.3078172780311791 0.640863990431086 1.5288624180390653 0.45827519981375997
0.06590920041650633 1.9844667344487108 1.4535869708538462 1.2667375905535532 0.7534374406007397 1.8065734863060465 0.24933619329793832 0.41915388676810234
1.9922544807559661 0.061881284957153455 1.8001909020674791 1.1152795995421751 2.1273962630581096 0.7785242428489572 0.29976712030247876 1.817248180635443

0.5189598337193985 1.724215276619958 1.0055352008524205 1.3511920887556257 1.0542613564891752 1.6179495595465476 1.2948095971731168 1.4013836248369453
0.8081766651834196 0.09654152014477463 0.8842597859557267 1.4268071767582595 0.7505983383935363 0.01922662318883229 1.1629597819929804 0.5680258434361987
0.20885299792008705 0.8724665587214213 0.1911976226544303 1.1534736959786958 1.2429319201950781 1.4834314506416275 0.5205636461790702 0.3235371535824621
0.33771694843669825 1.1450358151262419 1.572813419947057 0.9354537049188848 1.4520077236193019 1.3534897893395321 1.0317192074143753 1.7191165730697215
0.9703120140659596 0.6109344148273512 1.8056032684905903 0.9704590151257881 1.6026252732255033 0.5819044358570404 0.11089869245195404 0.37332006213998986
0.6575432040473039 1.2850340603457255 1.7396055125529757 0.7378192465974466 0.17236068585730085 1.704975403366242 0.6725789048671135 1.272767157909412
1.2957794202898705 1.7572683250613115 1.4370645323527222 1.101336685775832 1.0318199550426321 0.27387125316606115 0.07290853317315239 1.6313635508139424
0.08945566825388508 1.599226711896319 1.4086204628583225 1.0630025948875892 1.6895991939187198 0.33119248829605324 1.2366836066920601 1.4833551650022216

5
0.20441856252195686 1.2096236449897029 0.39750002789532873 2.035471930738792 1.7021663392931867 1.1854140939426887 0.1721645514270965 0.13519910937383908
0.6479723149275206 1.5462986816092967 0.1621987847293633 1.3474731320764153 1.3307435426964027 0.017298138739079965 1.038214359561816 0.7735613154884424
1.3826105067968195 1.5019934892764197 0.7553682874495614 1.4322899963466886 2.024831693339534 0.7473038273252944 0.591720603845582 0.04608632061375599
1.3355215102527558 1.8354897038965035 1.146672867998409 1.938957675527299 1.5054430262800873 1.1140570623392214 1.7942456632537414 0.5349874878416957
1.4510386542774938 0.07602514232033358 0.05000291326039754 1.5161483622534908 0.5756240021360909 0.6011441544124055 0.32965298535429427 0.10987848902923443
0.7272095466400214 0.8570234258080511 1.7785360582070746 1.7582524075421437 1.0706803377394076 0.8755116621542428 1.4381461237119457 0.6067795054956638
1.9599431107177332 1.2476417661488508 1.720260069064792 1.264182445961223 1.355051378447764 1.94624707942239 0.46146470956558655 0.1496364897204769
0.8283091216077887 0.2966260736338618 0.44398946880882817 0.808332236844004 0.3468761872485609 2.094232255264413 0.3714914539174438 1.2907641308897135

0.09788775738315741 1.69975980202602 0.029922507324787424 1.7517521046458084 1.8030752034789583 1.3233647210239408 0.4797542941790611 0.07762022328099663
1.7588524868405877 1.9277882516718468 0.02869550814966486 1.1737551869660627 1.4317063640545853 0.8040830337105609 0.4274094932617772 0.24456435881150976
1.180628949711086 1.5771891201038557 0.03469965040907478 1.423903028732384 1.6354251086881237 1.4640989152117603 1.9385027618237758 1.1861814459192739
0.36349302505661507 0.2938095748757926 1.139472925099161 0.45064634481969423 1.2321671376170737 0.3071034683128669 0.6404666707686416 1.0554727695386432
0.287669439422053 1.008119673649237 1.7952883391308536 1.7825858821541867 0.7668149646517096 1.690371313913504 1.098908984108551 0.7673418032064566
1.4663861558108777 1.7124118467758973 0.13576246198720368 0.845372046033702 0.6035801681863262 1.068796248478964 1.5103451806681563 0.17457904258002171
1.967119154688038 1.3539310530128577 1.1634339169006718 0.23695822751586723 1.3280658140224981 1.8345883537683136 0.6499090859462628 1.2965091215601636
0.711392005004937 1.0007499650400036 1.7840408526717793 1.2861150596806417 0.5368649617578207 0.717647265618197 0.30345263409841994 0.13163678445868496

6
0.37917967246713313 1.9036528532424635 1.0682605325203764 1.6078515094494692 0.5642571983112251 1.547172008084629 0.8788303259398865 1.0148590207840935
0.7573527012701873 0.636476403467539 1.7520197026195266 0.9511258342095167 0.2650373743660964 1.863268216283324 0.4012816669975885 0.1225072567739662
1.8103438639889642 1.7750821859753039 1.3773446380647936 0.00961552753227153 0.34558702211933834 1.1184561690694865 1.5148922058683016 0.9687907425773536
0.3519567634283035 1.5591018878029752 0.02487294094682078 1.5781343417359803 0.4049747358354586 1.9702578882509774 1.8390589490236562 1.6279556504764343
0.5231275699322617 1.8087494266444077 0.09528902212300326 1.7734713921931515 0.18123018925230225 0.5560977544373072 1.1878037081245265 1.4654353111420593
1.1002055572432956 0.5304722942095315 0.11920250295605232 1.4550948474857432 0.10812569813094824 1.9574490651289906 1.9762443079233996 0.026660669868209728
0.7373735152855468 1.6196362682178733 0.9383176497625508 0.7913028421201467 0.752903564871555 0.04962738737702376 1.515104325021249 1.0234889786462833
1.0679880872563987 1.014974400020771 1.3225574301374818 0.10823141359141766 1.2048966934704008 0.7090904494223847 1.2581404861393142 1.0321494023809752

0.028074109654052045 0.7554562677278645 0.42617251467807066 0.9149633365122235 1.0838460688133056 0.8083251502262032 0.9749104817760794 0.8044128728503835
0.08074428858120744 0.8278665323969293 0.815151616085401 0.7556199445599697 0.4606099110426532 0.38055799303437815 1.29587469568258 1.4192379454562893
0.9280149565089848 0.46676349368859693 1.0555763307021495 0.1451964758670185 1.638922527009403 0.793663380276216 0.7769431809838425 1.1148196818062521
1.96653634421788 0.7735416145141786 0.11820696853819662 1.1368013499460112 0.48631473401619285 1.490533637289946 1.3621062509086275 1.7649675381146486
1.482638110611535 0.6080769291449978 2.2317800428581283 1.503440278528557 1.9048272659410237 1.745109037103507 1.7387092990189277 2.1890645219714653
1.6199562859697734 0.9016878151228508 0.8857463234817985 0.5242029767431949 1.3645039333902809 0.5120361723055685 0.3017845946683879 0.5008750768831518
0.5543542466070572 0.2909388903176278 0.9510883839649206 1.5417182347195857 1.68412898996806 2.176893554856477 1.939729587254529 0.030157456197557653
0.8253640682190474 1.2812610438774765 1.496457748515994 1.4893093274702929 0.10958112785668044 0.6066780285242614 0.8308047821982262 0.32636367224335616

7
0.44873496074452324 1.5256889519619539 1.198959778454477 0.6157054497089587 0.11948789475951474 1.5667778190796882 1.3882543639555283 0.13229000392558962
1.6865561166826255 1.5378982390490556 1.0107324510111466 0.010715195672731593 0.009037837215851096 0.9392940237521034 1.0133446552818361 1.5478540118517208
1.1151081450679188 0.15012608286641063 0.4761740693249452 0.5227344447920768 1.7012278483691978 1.1208696156102953 0.062009324162010694 0.2907143318875287
0.6254153753440633 1.4899670378782939 0.6589350099564054 0.8421339588367297 0.6325289377554424 0.327812092087789 1.348847533551606 0.5247920545536257
0.19099638615046174 0.9263348652955089 1.180962834791498 1.7466938099585596 0.9488615200099428 0.9758287506017065 1.827290297510818 1.5458685066529396
1.6505631299201837 1.2655822501244176 0.39318830710144614 1.8236142343253896 1.7301227806447594 1.1279704020237584 1.2027122031224442 1.277465873581212
0.6926783840031058 0.7751123500767195 0.6526388407071633 1.6241438368021974 1.5810601422146144 0.934305126293863 0.41732255352717296 0.91383279615281
1.7732088412446136 1.8269672111220767 1.2078362327318788 0.876277553271626 1.4502027698149167 1.457070856788289 0.287622573155559 1.07493616512673

1.3655709490730261 1.4762407451582225 0.26180100138285 1.6342935766066482 0.8123970062317686 1.509707753121746 0.01720864064642788 0.5885331023071073
1.5412571864310722 1.3143208503282613 0.4446663712717406 1.4058204477688503 0.23799264944424423 0.5427012282812592 1.477413325356512 1.6722863433924242
0.9848515176325671 0.04470115673619053 0.11278054580978919 0.966923035372016 1.458879386681434 1.8197968048277615 0.03885882755262555 0.5878249049653593
0.4004287517076498 1.2531135964143665 0.7484244551041204 0.9655226234020218 2.1080183203145757 1.989913797973694 0.737848713202767 1.8887042876337334
0.5698013217275928 0.9580114374435896 1.191114580569816 1.5732121736041238 0.2700409072062254 1.6086242728741105 1.8841939135497943 1.0202073409877992
0.5246188795691332 0.49286171680440144 1.0291028664196753 0.3489445776216618 2.0083525521565364 0.8268963049617251 0.04551263142086588 1.6213083345956893
1.8912341997729967 0.3612004991380653 0.8835955763476291 0.08855625921115143 1.4171808375307888 0.8992486776212578 2.0882115466439015 1.8401836758707828
1.9325644502020787 0.0503324872568738 0.6067278217056193 2.096160775152866 0.2410630474119466 0.04363384001012881 0.2017756900292725 0.9767249024490733

8
1.4271715839433423 1.144030491506543 1.1696700544997438 1.7410210887700017 0.6525646255200547 0.7415123217776928 0.2808967191773285 0.4935910490781127
0.9971845644713879 1.5012975709160694 0.10707488052127796 0.5827089888377732 0.768539248746938 1.1702240267631652 0.33305974190318016 0.2338398611005464
0.3359209066404031 1.4423090581966052 0.42248467124353195 0.5139829526656237 0.3059500947730864 1.1934920114345373 1.3120351268073733 0.8718038653661399
0.7339088353827118 0.986838858986368 0.9135333528517016 1.0112730254846896 1.95111863873238 1.391107228749331 0.8292792478726425 0.7012775010993018
0.9940362158458046 1.7363506996590394 0.43655504472744433 1.5908630295497643 1.314398636210231 1.3331934239420835 0.024411467301715596 1.8622037200738557
0.40080578421374713 1.6383273950446113 0.4773782833189408 1.0188359469682884 0.24816832127198907 1.393562352107531 1.9300134068480834 1.1545377654674647
1.9645660480553404 1.0942955036490432 0.47342506517012617 1.7811282959145325 1.459321144924186 1.0452399259875362 0.02113006510601099 0.05240002909678776
1.8882744190913319 1.7136646449359476 0.6983138814075563 1.2396924827447071 0.34235818904082865 0.9547249150274696 1.7392184956632764 1.7179032078151097

1.1507822598519182 1.2081898741811146 0.24552046195616717 0.8715592734183235 0.3356771408880874 0.7639824425001046 1.343145096700961 0.8908361158316667
0.9945495645865267 1.060421563816598 0.10770483559538936 0.6288022932281168 1.4103496208988373 1.2272519095020846 0.20384294443200304 1.2843374003385333
1.7896807389325209 0.23976116393048072 1.3784582790074282 1.6024808473256402 1.0604020636725484 0.9354797245887896 1.4178388592247761 1.0816319082632744
1.7795326267530278 1.6244949559577166 0.8346658571223013 0.8318772051295181 0.9260193496990955 1.4226453990448618 0.3442906277170183 0.5418863880862376
1.181333538662057 1.0455104503461359 0.6748800659767662 0.5671124961665018 1.5622949842342737 1.18356758360613 0.5282679276655318 1.4191567931419378
0.5314540647674283 0.053706775273902434 1.7269461832911537 1.782382753986848 0.9883997687671597 1.2806278375672893 1.4732303547858163 1.4410379726820546
1.6193199225375794 0.9211851100022657 0.5278536150773991 0.7611834775396703 0.24405447167704858 1.3913780087794307 0.6861425272464161 1.0348793352816839
1.7311340436903229 1.3158685891085415 0.2525174112879485 0.8380826735873791 1.4333207235469367 0.31853719965171745 0.14670330852947996 1.7998312393535423

9
1.741690354844625 1.2101739587481 0.39222066465361616 0.8920453128833139 0.6732484273469367 0.9623152435587705 0.5802486200164964 0.42500992231685364
0.11739172384197973 1.2956801401652742 1.4492564469286646 0.2697321483528013 0.1116848253147856 1.2672052815032242 1.6780149529880297 0.0705597131647404
1.911408927786844 0.857893881533053 1.2854740151616157 0.9246442945418273 2.0482883343257483 0.6195989067638807 1.8617501550125979 1.0790490000066217
2.024354478967573 1.225144932015351 1.4043809734531822 0.8091818626267605 1.4976842400641126 1.842546938092895 0.8049978234362879 1.191153214743854
1.6097654504718801 0.66140894213046 0.4589763903978226 0.5296618328785159 1.9501159910882855 0.24479395341056967 0.26665441250945415 1.0637201011415194
1.792564868615809 0.3096136047355861 1.430752433945198 0.3363405723063515 0.8930679597955639 1.021486149828083 1.3440438576820786 1.8650854877344556
0.8758614700227059 1.4936313557383647 0.1602954525909138 0.6328122044697782 0.19504449207857524 0.33613450753116003 0.9271521680604619 0.3064174815689117
1.003296153679679 1.6917929595294527 1.309146538507809 1.1429106503036308 0.414056287785969 1.2177565575856635 0.8823631675399138 1.1092468291749513

1.7972148219015291 0.9716184048259093 1.5082007865662408 0.4710184229580364 0.1054514821701667 0.5157097637536695 0.8298773946593473 1.5838525029247592
1.7866872043296487 1.3365450476191119 0.5135899263586413 0.775810114303711 1.1661915264530671 0.986249446915351 0.12109724408652363 1.4561300013332814
1.1637380640217376 0.11345056167598733 1.7690776105949078 1.1422112759244314 0.09405518166726767 1.4925197080058188 1.0910865492484647 0.76476658057073
0.13033991763871675 1.7927684264971935 0.6521081895070344 0.4800957107032336 1.191424181033965 0.5600569531693036 1.0177072178820943 1.6459248768564785
0.048154870557135444 1.719039248803145 1.4147512354506662 0.08625811466982065 0.8803691399798318 1.2045908538230146 1.4212260779334447 0.3883671399369907
1.696316215877219 0.5495935104781495 0.966482508151318 1.6174742320161846 0.1487221706090808 0.4106226336544504 1.3738510342511003 1.6938570383394427
1.7001658885065642 1.307411465861365 0.854492450126333 1.0147790056651051 1.5485045119118455 1.6527199074790313 0.5010871817910393 0.18755465243724923
1.3499022459143584 0.8316486060473247 1.5546700482671583 1.0801399960815417 1.5952467024473975 1.3707795478293754 0.16633582918446677 0.6383108397624865

